{
    "camera_angle_x": 0.691111147403717,
    "frames": [
        {
            "file_path": "/Users/dimakot55/Downloads/blender/style_scenes/pebbles/./pebbles_attempt2_hires//r_0",
            "rotation": 0.06283185307179587,
            "transform_matrix": [
                [
                    -1.0,
                    0.0,
                    0.0,
                    0.0
                ],
                [
                    0.0,
                    -0.12403473258018494,
                    0.9922778606414795,
                    4.0
                ],
                [
                    0.0,
                    0.9922778606414795,
                    0.12403473258018494,
                    0.5
                ],
                [
                    0.0,
                    0.0,
                    0.0,
                    1.0
                ]
            ]
        },
        {
            "file_path": "/Users/dimakot55/Downloads/blender/style_scenes/pebbles/./pebbles_attempt2_hires//r_1",
            "rotation": 0.06283185307179587,
            "transform_matrix": [
                [
                    -0.9921146631240845,
                    0.09200838953256607,
                    -0.08510511368513107,
                    -0.3430696725845337
                ],
                [
                    -0.12533323466777802,
                    -0.7283213138580322,
                    0.6736762523651123,
                    2.7156758308410645
                ],
                [
                    0.0,
                    0.6790306568145752,
                    0.7341099381446838,
                    2.959291696548462
                ],
                [
                    0.0,
                    0.0,
                    0.0,
                    1.0
                ]
            ]
        },
        {
            "file_path": "/Users/dimakot55/Downloads/blender/style_scenes/pebbles/./pebbles_attempt2_hires//r_2",
            "rotation": 0.06283185307179587,
            "transform_matrix": [
                [
                    -0.9685831665992737,
                    0.182449072599411,
                    -0.16899409890174866,
                    -0.6812370419502258
                ],
                [
                    -0.2486899048089981,
                    -0.7105921506881714,
                    0.6581884622573853,
                    2.653242826461792
                ],
                [
                    -7.450580152834618e-09,
                    0.6795374155044556,
                    0.733640730381012,
                    2.9574005603790283
                ],
                [
                    0.0,
                    0.0,
                    0.0,
                    1.0
                ]
            ]
        },
        {
            "file_path": "/Users/dimakot55/Downloads/blender/style_scenes/pebbles/./pebbles_attempt2_hires//r_3",
            "rotation": 0.06283185307179587,
            "transform_matrix": [
                [
                    -0.9297764301300049,
                    0.269553005695343,
                    -0.25071272253990173,
                    -1.0106552839279175
                ],
                [
                    -0.3681245744228363,
                    -0.6808131337165833,
                    0.6332280039787292,
                    2.552623748779297
                ],
                [
                    0.0,
                    0.6810539960861206,
                    0.7322331666946411,
                    2.951726198196411
                ],
                [
                    0.0,
                    0.0,
                    0.0,
                    1.0
                ]
            ]
        },
        {
            "file_path": "/Users/dimakot55/Downloads/blender/style_scenes/pebbles/./pebbles_attempt2_hires//r_4",
            "rotation": 0.06283185307179587,
            "transform_matrix": [
                [
                    -0.8763067126274109,
                    0.35162538290023804,
                    -0.32931169867515564,
                    -1.327497959136963
                ],
                [
                    -0.4817536473274231,
                    -0.6396042108535767,
                    0.5990157723426819,
                    2.4147098064422607
                ],
                [
                    0.0,
                    0.6835686564445496,
                    0.7298862338066101,
                    2.942265510559082
                ],
                [
                    0.0,
                    0.0,
                    0.0,
                    1.0
                ]
            ]
        },
        {
            "file_path": "/Users/dimakot55/Downloads/blender/style_scenes/pebbles/./pebbles_attempt2_hires//r_5",
            "rotation": 0.06283185307179587,
            "transform_matrix": [
                [
                    -0.8090171217918396,
                    0.42708420753479004,
                    -0.4038446247577667,
                    -1.627949833869934
                ],
                [
                    -0.5877852439880371,
                    -0.5878310203552246,
                    0.5558444857597351,
                    2.2406809329986572
                ],
                [
                    0.0,
                    0.6870615482330322,
                    0.7265990972518921,
                    2.9290149211883545
                ],
                [
                    0.0,
                    0.0,
                    0.0,
                    1.0
                ]
            ]
        },
        {
            "file_path": "/Users/dimakot55/Downloads/blender/style_scenes/pebbles/./pebbles_attempt2_hires//r_6",
            "rotation": 0.06283185307179587,
            "transform_matrix": [
                [
                    -0.7289685606956482,
                    0.4944969713687897,
                    -0.4733682870864868,
                    -1.9082087278366089
                ],
                [
                    -0.6845471262931824,
                    -0.5265857577323914,
                    0.5040859580039978,
                    2.0320358276367188
                ],
                [
                    0.0,
                    0.6915058493614197,
                    0.7223708033561707,
                    2.9119701385498047
                ],
                [
                    0.0,
                    0.0,
                    0.0,
                    1.0
                ]
            ]
        },
        {
            "file_path": "/Users/dimakot55/Downloads/blender/style_scenes/pebbles/./pebbles_attempt2_hires//r_7",
            "rotation": 0.06283185307179587,
            "transform_matrix": [
                [
                    -0.6374239921569824,
                    0.5526124835014343,
                    -0.5369450449943542,
                    -2.1644949913024902
                ],
                [
                    -0.7705132365226746,
                    -0.4571608603000641,
                    0.4441996216773987,
                    1.790626049041748
                ],
                [
                    0.0,
                    0.6968667507171631,
                    0.7172004580497742,
                    2.891127824783325
                ],
                [
                    0.0,
                    0.0,
                    0.0,
                    1.0
                ]
            ]
        },
        {
            "file_path": "/Users/dimakot55/Downloads/blender/style_scenes/pebbles/./pebbles_attempt2_hires//r_8",
            "rotation": 0.06283185307179587,
            "transform_matrix": [
                [
                    -0.5358266234397888,
                    0.6003915071487427,
                    -0.5936495661735535,
                    -2.393077850341797
                ],
                [
                    -0.8443279266357422,
                    -0.3810199499130249,
                    0.3767413794994354,
                    1.5186930894851685
                ],
                [
                    0.0,
                    0.7031030058860779,
                    0.7110880017280579,
                    2.866487503051758
                ],
                [
                    0.0,
                    0.0,
                    0.0,
                    1.0
                ]
            ]
        },
        {
            "file_path": "/Users/dimakot55/Downloads/blender/style_scenes/pebbles/./pebbles_attempt2_hires//r_9",
            "rotation": 0.06283185307179587,
            "transform_matrix": [
                [
                    -0.4257792532444,
                    0.637029230594635,
                    -0.6425774097442627,
                    -2.5903124809265137
                ],
                [
                    -0.9048271179199219,
                    -0.29976314306259155,
                    0.3023739159107208,
                    1.2189081907272339
                ],
                [
                    0.0,
                    0.7101660370826721,
                    0.7040342092514038,
                    2.838052749633789
                ],
                [
                    0.0,
                    0.0,
                    0.0,
                    1.0
                ]
            ]
        },
        {
            "file_path": "/Users/dimakot55/Downloads/blender/style_scenes/pebbles/./pebbles_attempt2_hires//r_10",
            "rotation": 0.06283185307179587,
            "transform_matrix": [
                [
                    -0.3090168833732605,
                    0.6619749665260315,
                    -0.6828598380088806,
                    -2.7526960372924805
                ],
                [
                    -0.9510566592216492,
                    -0.2150886058807373,
                    0.22187450528144836,
                    0.8944047689437866
                ],
                [
                    0.0,
                    0.7180013060569763,
                    0.6960417032241821,
                    2.8058338165283203
                ],
                [
                    0.0,
                    0.0,
                    0.0,
                    1.0
                ]
            ]
        },
        {
            "file_path": "/Users/dimakot55/Downloads/blender/style_scenes/pebbles/./pebbles_attempt2_hires//r_11",
            "rotation": 0.06283185307179587,
            "transform_matrix": [
                [
                    -0.1873811036348343,
                    0.6749445796012878,
                    -0.7136793732643127,
                    -2.8769335746765137
                ],
                [
                    -0.9822872877120972,
                    -0.12875241041183472,
                    0.13614146411418915,
                    0.5488038063049316
                ],
                [
                    7.4505797087454084e-09,
                    0.7265485525131226,
                    0.6871151328086853,
                    2.7698497772216797
                ],
                [
                    0.0,
                    0.0,
                    0.0,
                    1.0
                ]
            ]
        },
        {
            "file_path": "/Users/dimakot55/Downloads/blender/style_scenes/pebbles/./pebbles_attempt2_hires//r_12",
            "rotation": 0.06283185307179587,
            "transform_matrix": [
                [
                    -0.06279025971889496,
                    0.6759253740310669,
                    -0.7342902421951294,
                    -2.9600186347961426
                ],
                [
                    -0.9980267882347107,
                    -0.04252544417977333,
                    0.04619743302464485,
                    0.18622781336307526
                ],
                [
                    -1.862645149230957e-09,
                    0.7357420325279236,
                    0.6772618293762207,
                    2.7301297187805176
                ],
                [
                    0.0,
                    0.0,
                    0.0,
                    1.0
                ]
            ]
        },
        {
            "file_path": "/Users/dimakot55/Downloads/blender/style_scenes/pebbles/./pebbles_attempt2_hires//r_13",
            "rotation": 0.06283185307179587,
            "transform_matrix": [
                [
                    0.06279082596302032,
                    0.6651772260665894,
                    -0.7440406084060669,
                    -2.999323606491089
                ],
                [
                    -0.9980267286300659,
                    0.04184960946440697,
                    -0.0468112975358963,
                    -0.18870237469673157
                ],
                [
                    0.0,
                    0.7455117106437683,
                    0.6664924621582031,
                    2.6867170333862305
                ],
                [
                    0.0,
                    0.0,
                    0.0,
                    1.0
                ]
            ]
        },
        {
            "file_path": "/Users/dimakot55/Downloads/blender/style_scenes/pebbles/./pebbles_attempt2_hires//r_14",
            "rotation": 0.06283185307179587,
            "transform_matrix": [
                [
                    0.18738166987895966,
                    0.6432227492332458,
                    -0.7423964142799377,
                    -2.9926958084106445
                ],
                [
                    -0.9822871685028076,
                    0.12270154803991318,
                    -0.1416199654340744,
                    -0.5708884000778198
                ],
                [
                    0.0,
                    0.7557833790779114,
                    0.6548214554786682,
                    2.639669895172119
                ],
                [
                    0.0,
                    0.0,
                    0.0,
                    1.0
                ]
            ]
        },
        {
            "file_path": "/Users/dimakot55/Downloads/blender/style_scenes/pebbles/./pebbles_attempt2_hires//r_15",
            "rotation": 0.06283185307179587,
            "transform_matrix": [
                [
                    0.3090173900127411,
                    0.610832929611206,
                    -0.7289659380912781,
                    -2.9385557174682617
                ],
                [
                    -0.9510564208030701,
                    0.19847193360328674,
                    -0.23685573041439056,
                    -0.9547960162162781
                ],
                [
                    0.0,
                    0.7664802074432373,
                    0.6422678232192993,
                    2.589064359664917
                ],
                [
                    0.0,
                    0.0,
                    0.0,
                    1.0
                ]
            ]
        },
        {
            "file_path": "/Users/dimakot55/Downloads/blender/style_scenes/pebbles/./pebbles_attempt2_hires//r_16",
            "rotation": 0.06283185307179587,
            "transform_matrix": [
                [
                    0.4257795810699463,
                    0.569005012512207,
                    -0.7035232186317444,
                    -2.8359930515289307
                ],
                [
                    -0.9048268795013428,
                    0.2677536606788635,
                    -0.3310531973838806,
                    -1.3345181941986084
                ],
                [
                    0.0,
                    0.7775225043296814,
                    0.6288550496101379,
                    2.5349960327148438
                ],
                [
                    0.0,
                    0.0,
                    0.0,
                    1.0
                ]
            ]
        },
        {
            "file_path": "/Users/dimakot55/Downloads/blender/style_scenes/pebbles/./pebbles_attempt2_hires//r_17",
            "rotation": 0.06283185307179587,
            "transform_matrix": [
                [
                    0.5358270406723022,
                    0.5189341902732849,
                    -0.6660304069519043,
                    -2.684854745864868
                ],
                [
                    -0.8443276286125183,
                    0.32932594418525696,
                    -0.42267611622810364,
                    -1.7038620710372925
                ],
                [
                    0.0,
                    0.7888293266296387,
                    0.6146122217178345,
                    2.477581262588501
                ],
                [
                    0.0,
                    0.0,
                    0.0,
                    1.0
                ]
            ]
        },
        {
            "file_path": "/Users/dimakot55/Downloads/blender/style_scenes/pebbles/./pebbles_attempt2_hires//r_18",
            "rotation": 0.06283185307179587,
            "transform_matrix": [
                [
                    0.6374243497848511,
                    0.46197953820228577,
                    -0.6166563630104065,
                    -2.485821485519409
                ],
                [
                    -0.7705130577087402,
                    0.3821830153465271,
                    -0.5101429224014282,
                    -2.0564520359039307
                ],
                [
                    0.0,
                    0.8003191947937012,
                    0.5995739698410034,
                    2.4169602394104004
                ],
                [
                    0.0,
                    0.0,
                    0.0,
                    1.0
                ]
            ]
        },
        {
            "file_path": "/Users/dimakot55/Downloads/blender/style_scenes/pebbles/./pebbles_attempt2_hires//r_19",
            "rotation": 0.06283185307179587,
            "transform_matrix": [
                [
                    0.7289689183235168,
                    0.3996252417564392,
                    -0.5557912588119507,
                    -2.2404658794403076
                ],
                [
                    -0.6845467686653137,
                    0.42555809020996094,
                    -0.5918581485748291,
                    -2.3858561515808105
                ],
                [
                    1.4901160305669237e-08,
                    0.8119111657142639,
                    0.5837809443473816,
                    2.3532960414886475
                ],
                [
                    0.0,
                    0.0,
                    0.0,
                    1.0
                ]
            ]
        },
        {
            "file_path": "/Users/dimakot55/Downloads/blender/style_scenes/pebbles/./pebbles_attempt2_hires//r_20",
            "rotation": 0.06283185307179587,
            "transform_matrix": [
                [
                    0.8090173602104187,
                    0.33343827724456787,
                    -0.48405563831329346,
                    -1.9512907266616821
                ],
                [
                    -0.5877847671508789,
                    0.45893895626068115,
                    -0.666246235370636,
                    -2.6857244968414307
                ],
                [
                    0.0,
                    0.8235253095626831,
                    0.5672795176506042,
                    2.2867767810821533
                ],
                [
                    0.0,
                    0.0,
                    0.0,
                    1.0
                ]
            ]
        },
        {
            "file_path": "/Users/dimakot55/Downloads/blender/style_scenes/pebbles/./pebbles_attempt2_hires//r_21",
            "rotation": 0.06283185307179587,
            "transform_matrix": [
                [
                    0.8763068914413452,
                    0.26502326130867004,
                    -0.4023043215274811,
                    -1.6217405796051025
                ],
                [
                    -0.4817531108856201,
                    0.4820761978626251,
                    -0.7317898869514465,
                    -2.949939489364624
                ],
                [
                    0.0,
                    0.8350839614868164,
                    0.5501224994659424,
                    2.2176146507263184
                ],
                [
                    0.0,
                    0.0,
                    0.0,
                    1.0
                ]
            ]
        },
        {
            "file_path": "/Users/dimakot55/Downloads/blender/style_scenes/pebbles/./pebbles_attempt2_hires//r_22",
            "rotation": 0.06283185307179587,
            "transform_matrix": [
                [
                    0.9297767877578735,
                    0.19597771763801575,
                    -0.3116214871406555,
                    -1.2561864852905273
                ],
                [
                    -0.36812397837638855,
                    0.49498414993286133,
                    -0.7870675325393677,
                    -3.1727709770202637
                ],
                [
                    0.0,
                    0.8465123772621155,
                    0.5323687791824341,
                    2.146047353744507
                ],
                [
                    0.0,
                    0.0,
                    0.0,
                    1.0
                ]
            ]
        },
        {
            "file_path": "/Users/dimakot55/Downloads/blender/style_scenes/pebbles/./pebbles_attempt2_hires//r_23",
            "rotation": 0.06283185307179587,
            "transform_matrix": [
                [
                    0.968583345413208,
                    0.12784694135189056,
                    -0.21331076323986053,
                    -0.859883189201355
                ],
                [
                    -0.248689204454422,
                    0.49793240427970886,
                    -0.8307929635047913,
                    -3.3490335941314697
                ],
                [
                    7.450580596923828e-09,
                    0.8577403426170349,
                    0.514083206653595,
                    2.072335720062256
                ],
                [
                    0.0,
                    0.0,
                    0.0,
                    1.0
                ]
            ]
        },
        {
            "file_path": "/Users/dimakot55/Downloads/blender/style_scenes/pebbles/./pebbles_attempt2_hires//r_24",
            "rotation": 0.06283185307179587,
            "transform_matrix": [
                [
                    0.9921148419380188,
                    0.06208169832825661,
                    -0.10887649655342102,
                    -0.43889525532722473
                ],
                [
                    -0.12533250451087952,
                    0.4914301931858063,
                    -0.8618513941764832,
                    -3.4742345809936523
                ],
                [
                    0.0,
                    0.8687013387680054,
                    0.49533599615097046,
                    1.9967634677886963
                ],
                [
                    0.0,
                    0.0,
                    0.0,
                    1.0
                ]
            ]
        },
        {
            "file_path": "/Users/dimakot55/Downloads/blender/style_scenes/pebbles/./pebbles_attempt2_hires//r_25",
            "rotation": 0.06283185307179587,
            "transform_matrix": [
                [
                    0.9999999403953552,
                    -3.822379710527457e-07,
                    7.058236519696948e-07,
                    2.845265953510534e-06
                ],
                [
                    8.026785849324369e-07,
                    0.4762030243873596,
                    -0.879335343837738,
                    -3.5447139739990234
                ],
                [
                    -2.8421707736338113e-14,
                    0.8793352842330933,
                    0.476203054189682,
                    1.9196357727050781
                ],
                [
                    0.0,
                    0.0,
                    0.0,
                    1.0
                ]
            ]
        },
        {
            "file_path": "/Users/dimakot55/Downloads/blender/style_scenes/pebbles/./pebbles_attempt2_hires//r_26",
            "rotation": 0.06283185307179587,
            "transform_matrix": [
                [
                    0.9921146631240845,
                    -0.05724819004535675,
                    0.11149562150239944,
                    0.4494532644748688
                ],
                [
                    0.12533408403396606,
                    0.4531630277633667,
                    -0.8825727105140686,
                    -3.5577645301818848
                ],
                [
                    0.0,
                    0.8895875811576843,
                    0.45676472783088684,
                    1.8412775993347168
                ],
                [
                    0.0,
                    0.0,
                    0.0,
                    1.0
                ]
            ]
        },
        {
            "file_path": "/Users/dimakot55/Downloads/blender/style_scenes/pebbles/./pebbles_attempt2_hires//r_27",
            "rotation": 0.06283185307179587,
            "transform_matrix": [
                [
                    0.9685828685760498,
                    -0.10870417952537537,
                    0.2236749678850174,
                    0.9016626477241516
                ],
                [
                    0.24869075417518616,
                    0.4233732223510742,
                    -0.8711532354354858,
                    -3.511730909347534
                ],
                [
                    7.450580596923828e-09,
                    0.8994100093841553,
                    0.43710583448410034,
                    1.762030005455017
                ],
                [
                    0.0,
                    0.0,
                    0.0,
                    1.0
                ]
            ]
        },
        {
            "file_path": "/Users/dimakot55/Downloads/blender/style_scenes/pebbles/./pebbles_attempt2_hires//r_28",
            "rotation": 0.06283185307179587,
            "transform_matrix": [
                [
                    0.9297761917114258,
                    -0.15362414717674255,
                    0.33453840017318726,
                    1.3485674858093262
                ],
                [
                    0.36812543869018555,
                    0.3880092203617096,
                    -0.8449452519416809,
                    -3.406083345413208
                ],
                [
                    0.0,
                    0.9087619781494141,
                    0.41731464862823486,
                    1.6822491884231567
                ],
                [
                    0.0,
                    0.0,
                    0.0,
                    1.0
                ]
            ]
        },
        {
            "file_path": "/Users/dimakot55/Downloads/blender/style_scenes/pebbles/./pebbles_attempt2_hires//r_29",
            "rotation": 0.06283185307179587,
            "transform_matrix": [
                [
                    0.8763061761856079,
                    -0.19148895144462585,
                    0.44206270575523376,
                    1.7820117473602295
                ],
                [
                    0.4817545711994171,
                    0.3483162820339203,
                    -0.804107129573822,
                    -3.241459608078003
                ],
                [
                    0.0,
                    0.9176098108291626,
                    0.39748236536979675,
                    1.6023026704788208
                ],
                [
                    0.0,
                    0.0,
                    0.0,
                    1.0
                ]
            ]
        },
        {
            "file_path": "/Users/dimakot55/Downloads/blender/style_scenes/pebbles/./pebbles_attempt2_hires//r_30",
            "rotation": 0.06283185307179587,
            "transform_matrix": [
                [
                    0.8090163469314575,
                    -0.22200816869735718,
                    0.5442470908164978,
                    2.193930149078369
                ],
                [
                    0.5877861380577087,
                    0.30556729435920715,
                    -0.7490901350975037,
                    -3.019678831100464
                ],
                [
                    1.4901161193847656e-08,
                    0.9259271025657654,
                    0.3777022659778595,
                    1.522566556930542
                ],
                [
                    0.0,
                    0.0,
                    0.0,
                    1.0
                ]
            ]
        },
        {
            "file_path": "/Users/dimakot55/Downloads/blender/style_scenes/pebbles/./pebbles_attempt2_hires//r_31",
            "rotation": 0.06283185307179587,
            "transform_matrix": [
                [
                    0.7289678454399109,
                    -0.24511544406414032,
                    0.6391589641571045,
                    2.5765323638916016
                ],
                [
                    0.6845479011535645,
                    0.26102083921432495,
                    -0.6806336641311646,
                    -2.7437222003936768
                ],
                [
                    0.0,
                    0.9336950182914734,
                    0.3580690622329712,
                    1.4434226751327515
                ],
                [
                    0.0,
                    0.0,
                    0.0,
                    1.0
                ]
            ]
        },
        {
            "file_path": "/Users/dimakot55/Downloads/blender/style_scenes/pebbles/./pebbles_attempt2_hires//r_32",
            "rotation": 0.06283185307179587,
            "transform_matrix": [
                [
                    0.6374230980873108,
                    -0.2609560191631317,
                    0.7249784469604492,
                    2.9224815368652344
                ],
                [
                    0.7705139517784119,
                    0.2158810943365097,
                    -0.5997529029846191,
                    -2.4176812171936035
                ],
                [
                    0.0,
                    0.9409022927284241,
                    0.33867791295051575,
                    1.365254282951355
                ],
                [
                    0.0,
                    0.0,
                    0.0,
                    1.0
                ]
            ]
        },
        {
            "file_path": "/Users/dimakot55/Downloads/blender/style_scenes/pebbles/./pebbles_attempt2_hires//r_33",
            "rotation": 0.06283185307179587,
            "transform_matrix": [
                [
                    0.5358257293701172,
                    -0.2698673605918884,
                    0.8000389337539673,
                    3.225059986114502
                ],
                [
                    0.8443284630775452,
                    0.17126259207725525,
                    -0.5077188014984131,
                    -2.046679973602295
                ],
                [
                    -1.4901158529312397e-08,
                    0.9475446343421936,
                    0.3196236193180084,
                    1.2884440422058105
                ],
                [
                    0.0,
                    0.0,
                    0.0,
                    1.0
                ]
            ]
        },
        {
            "file_path": "/Users/dimakot55/Downloads/blender/style_scenes/pebbles/./pebbles_attempt2_hires//r_34",
            "rotation": 0.06283185307179587,
            "transform_matrix": [
                [
                    0.42577818036079407,
                    -0.2723532021045685,
                    0.8628654479980469,
                    3.4783217906951904
                ],
                [
                    0.9048277139663696,
                    0.12815925478935242,
                    -0.4060322940349579,
                    -1.6367685794830322
                ],
                [
                    0.0,
                    0.9536240696907043,
                    0.30100008845329285,
                    1.2133702039718628
                ],
                [
                    0.0,
                    0.0,
                    0.0,
                    1.0
                ]
            ]
        },
        {
            "file_path": "/Users/dimakot55/Downloads/blender/style_scenes/pebbles/./pebbles_attempt2_hires//r_35",
            "rotation": 0.06283185307179587,
            "transform_matrix": [
                [
                    0.3090157210826874,
                    -0.2690533697605133,
                    0.9122058749198914,
                    3.6772193908691406
                ],
                [
                    0.9510568380355835,
                    0.08742035925388336,
                    -0.2963923513889313,
                    -1.1947957277297974
                ],
                [
                    -7.450580152834618e-09,
                    0.9591495394706726,
                    0.2828993499279022,
                    1.1404037475585938
                ],
                [
                    0.0,
                    0.0,
                    0.0,
                    1.0
                ]
            ]
        },
        {
            "file_path": "/Users/dimakot55/Downloads/blender/style_scenes/pebbles/./pebbles_attempt2_hires//r_36",
            "rotation": 0.06283185307179587,
            "transform_matrix": [
                [
                    0.18737998604774475,
                    -0.26070985198020935,
                    0.9470580816268921,
                    3.8177132606506348
                ],
                [
                    0.9822875261306763,
                    0.04973269999027252,
                    -0.18065965175628662,
                    -0.7282623648643494
                ],
                [
                    0.0,
                    0.9641353487968445,
                    0.2654109597206116,
                    1.0699057579040527
                ],
                [
                    0.0,
                    0.0,
                    0.0,
                    1.0
                ]
            ]
        },
        {
            "file_path": "/Users/dimakot55/Downloads/blender/style_scenes/pebbles/./pebbles_attempt2_hires//r_37",
            "rotation": 0.06283185307179587,
            "transform_matrix": [
                [
                    0.06278910487890244,
                    -0.2481307089328766,
                    0.9666895270347595,
                    3.896850109100342
                ],
                [
                    0.9980268478393555,
                    0.01561070792376995,
                    -0.060817573219537735,
                    -0.24516348540782928
                ],
                [
                    0.0,
                    0.9686007499694824,
                    0.24862128496170044,
                    1.0022244453430176
                ],
                [
                    0.0,
                    0.0,
                    0.0,
                    1.0
                ]
            ]
        },
        {
            "file_path": "/Users/dimakot55/Downloads/blender/style_scenes/pebbles/./pebbles_attempt2_hires//r_38",
            "rotation": 0.06283185307179587,
            "transform_matrix": [
                [
                    -0.06279198825359344,
                    -0.23215392231941223,
                    0.9706500768661499,
                    3.912815809249878
                ],
                [
                    0.9980267286300659,
                    -0.014606228098273277,
                    0.061069555580616,
                    0.2461792677640915
                ],
                [
                    0.0,
                    0.9725692272186279,
                    0.2326129525899887,
                    0.9376928806304932
                ],
                [
                    0.0,
                    0.0,
                    0.0,
                    1.0
                ]
            ]
        },
        {
            "file_path": "/Users/dimakot55/Downloads/blender/style_scenes/pebbles/./pebbles_attempt2_hires//r_39",
            "rotation": 0.06283185307179587,
            "transform_matrix": [
                [
                    -0.18738281726837158,
                    -0.21361246705055237,
                    0.9587790966033936,
                    3.864962100982666
                ],
                [
                    0.9822870492935181,
                    -0.040749091655015945,
                    0.1828984022140503,
                    0.7372870445251465
                ],
                [
                    -3.725290742551124e-09,
                    0.9760681986808777,
                    0.21746443212032318,
                    0.8766271471977234
                ],
                [
                    0.0,
                    0.0,
                    0.0,
                    1.0
                ]
            ]
        },
        {
            "file_path": "/Users/dimakot55/Downloads/blender/style_scenes/pebbles/./pebbles_attempt2_hires//r_40",
            "rotation": 0.06283185307179587,
            "transform_matrix": [
                [
                    -0.30901849269866943,
                    -0.19330145418643951,
                    0.931204617023468,
                    3.7538061141967773
                ],
                [
                    0.9510560631752014,
                    -0.06280778348445892,
                    0.30256831645965576,
                    1.2196919918060303
                ],
                [
                    3.725290298461914e-09,
                    0.9791269302368164,
                    0.20324929058551788,
                    0.8193241357803345
                ],
                [
                    0.0,
                    0.0,
                    0.0,
                    1.0
                ]
            ]
        },
        {
            "file_path": "/Users/dimakot55/Downloads/blender/style_scenes/pebbles/./pebbles_attempt2_hires//r_41",
            "rotation": 0.06283185307179587,
            "transform_matrix": [
                [
                    -0.4257808029651642,
                    -0.17194977402687073,
                    0.8883377313613892,
                    3.5810041427612305
                ],
                [
                    0.9048264622688293,
                    -0.08091376721858978,
                    0.4180217683315277,
                    1.685099720954895
                ],
                [
                    0.0,
                    0.9817770719528198,
                    0.19003620743751526,
                    0.7660605311393738
                ],
                [
                    0.0,
                    0.0,
                    0.0,
                    1.0
                ]
            ]
        },
        {
            "file_path": "/Users/dimakot55/Downloads/blender/style_scenes/pebbles/./pebbles_attempt2_hires//r_42",
            "rotation": 0.06283185307179587,
            "transform_matrix": [
                [
