{
    "camera_angle_x": 0.691111147403717,
    "frames": [
        {
            "file_path": "./train/r_0",
            "rotation": 0.12566370614359174,
            "transform_matrix": [
                [
                    -1.0,
                    0.0,
                    0.0,
                    0.0
                ],
                [
                    0.0,
                    -0.12403473258018494,
                    0.9922778606414795,
                    4.0
                ],
                [
                    0.0,
                    0.9922778606414795,
                    0.12403473258018494,
                    0.5
                ],
                [
                    0.0,
                    0.0,
                    0.0,
                    1.0
                ]
            ]
        },
        {
            "file_path": "./train/r_1",
            "rotation": 0.12566370614359174,
            "transform_matrix": [
                [
                    -0.9685832262039185,
                    0.18256574869155884,
                    -0.1688680648803711,
                    -0.6807289123535156
                ],
                [
                    -0.2486899346113205,
                    -0.7110465168952942,
                    0.6576976180076599,
                    2.65126371383667
                ],
                [
                    1.4901161193847656e-08,
                    0.6790305972099304,
                    0.7341099381446838,
                    2.959291696548462
                ],
                [
                    0.0,
                    0.0,
                    0.0,
                    1.0
                ]
            ]
        },
        {
            "file_path": "./train/r_2",
            "rotation": 0.12566370614359174,
            "transform_matrix": [
                [
                    -0.8763066530227661,
                    0.35275596380233765,
                    -0.3281002938747406,
                    -1.3226145505905151
                ],
                [
                    -0.4817536473274231,
                    -0.641660749912262,
                    0.5968122482299805,
                    2.405827045440674
                ],
                [
                    0.0,
                    0.6810540556907654,
                    0.7322331666946411,
                    2.951726198196411
                ],
                [
                    0.0,
                    0.0,
                    0.0,
                    1.0
                ]
            ]
        },
        {
            "file_path": "./train/r_3",
            "rotation": 0.12566370614359174,
            "transform_matrix": [
                [
                    -0.728968620300293,
                    0.49739137291908264,
                    -0.4703259766101837,
                    -1.8959448337554932
                ],
                [
                    -0.6845471262931824,
                    -0.5296679735183716,
                    0.5008462071418762,
                    2.0189759731292725
                ],
                [
                    -1.4901162970204496e-08,
                    0.687061607837677,
                    0.7265990972518921,
                    2.9290149211883545
                ],
                [
                    0.0,
                    0.0,
                    0.0,
                    1.0
                ]
            ]
        },
        {
            "file_path": "./train/r_4",
            "rotation": 0.12566370614359174,
            "transform_matrix": [
                [
                    -0.5358267426490784,
                    0.6055524945259094,
                    -0.5883840918540955,
                    -2.371852159500122
                ],
                [
                    -0.8443279266357422,
                    -0.3842952847480774,
                    0.37339988350868225,
                    1.505223035812378
                ],
                [
                    0.0,
                    0.6968668103218079,
                    0.717200517654419,
                    2.891127824783325
                ],
                [
                    0.0,
                    0.0,
                    0.0,
                    1.0
                ]
            ]
        },
        {
            "file_path": "./train/r_5",
            "rotation": 0.12566370614359174,
            "transform_matrix": [
                [
                    -0.3090169429779053,
                    0.6695764064788818,
                    -0.6754080057144165,
                    -2.722656726837158
                ],
                [
                    -0.9510565400123596,
                    -0.21755853295326233,
                    0.2194533348083496,
                    0.8846446871757507
                ],
                [
                    1.4901161193847656e-08,
                    0.7101660370826721,
                    0.7040342092514038,
                    2.838052749633789
                ],
                [
                    0.0,
                    0.0,
                    0.0,
                    1.0
                ]
            ]
        },
        {
            "file_path": "./train/r_6",
            "rotation": 0.12566370614359174,
            "transform_matrix": [
                [
                    -0.06279049813747406,
                    0.6857593059539795,
                    -0.7251148819923401,
                    -2.9230315685272217
                ],
                [
                    -0.9980267286300659,
                    -0.04314430058002472,
                    0.04562034457921982,
                    0.18390148878097534
                ],
                [
                    0.0,
                    0.7265485525131226,
                    0.6871151328086853,
                    2.7698497772216797
                ],
                [
                    0.0,
                    0.0,
                    0.0,
                    1.0
                ]
            ]
        },
        {
            "file_path": "./train/r_7",
            "rotation": 0.12566370614359174,
            "transform_matrix": [
                [
                    0.18738128244876862,
                    0.6546871066093445,
                    -0.7323065996170044,
                    -2.9520225524902344
                ],
                [
                    -0.9822872281074524,
                    0.12488822638988495,
                    -0.139694944024086,
                    -0.5631284117698669
                ],
                [
                    -7.450580152834618e-09,
                    0.7455117702484131,
                    0.6664924025535583,
                    2.6867170333862305
                ],
                [
                    0.0,
                    0.0,
                    0.0,
                    1.0
                ]
            ]
        },
        {
            "file_path": "./train/r_8",
            "rotation": 0.12566370614359174,
            "transform_matrix": [
                [
                    0.4257793426513672,
                    0.5811412930488586,
                    -0.6935320496559143,
                    -2.7957170009613037
                ],
                [
                    -0.9048269391059875,
                    0.2734644114971161,
                    -0.32635149359703064,
                    -1.3155648708343506
                ],
                [
                    1.4901158529312397e-08,
                    0.7664802074432373,
                    0.6422678232192993,
                    2.589064359664917
                ],
                [
                    0.0,
                    0.0,
                    0.0,
                    1.0
                ]
            ]
        },
        {
            "file_path": "./train/r_9",
            "rotation": 0.12566370614359174,
            "transform_matrix": [
                [
                    0.6374241709709167,
                    0.47356683015823364,
                    -0.6078032851219177,
                    -2.4501335620880127
                ],
                [
                    -0.7705131769180298,
                    0.3917687237262726,
                    -0.5028188228607178,
                    -2.0269277095794678
                ],
                [
                    0.0,
                    0.7888293266296387,
                    0.6146122217178345,
                    2.477581262588501
                ],
                [
                    0.0,
                    0.0,
                    0.0,
                    1.0
                ]
            ]
        },
        {
            "file_path": "./train/r_10",
            "rotation": 0.12566370614359174,
            "transform_matrix": [
                [
                    0.8090171813964844,
                    0.3431376516819,
                    -0.47722920775413513,
                    -1.9237725734710693
                ],
                [
                    -0.5877849459648132,
                    0.4722888469696045,
                    -0.6568500995635986,
                    -2.6478476524353027
                ],
                [
                    1.4901160305669237e-08,
                    0.8119111657142639,
                    0.583780825138092,
                    2.3532960414886475
                ],
                [
                    0.0,
                    0.0,
                    0.0,
                    1.0
                ]
            ]
        },
        {
            "file_path": "./train/r_11",
            "rotation": 0.12566370614359174,
            "transform_matrix": [
                [
                    0.929776668548584,
                    0.20251338183879852,
                    -0.30741456151008606,
                    -1.2392278909683228
                ],
                [
                    -0.3681241571903229,
                    0.511491060256958,
                    -0.7764415144920349,
                    -3.1299359798431396
                ],
                [
                    0.0,
                    0.8350839614868164,
                    0.5501224398612976,
                    2.2176146507263184
                ],
                [
                    0.0,
                    0.0,
                    0.0,
                    1.0
                ]
            ]
        },
        {
            "file_path": "./train/r_12",
            "rotation": 0.12566370614359174,
            "transform_matrix": [
                [
                    0.992114782333374,
                    0.06443145126104355,
                    -0.10750292241573334,
                    -0.43335816264152527
                ],
                [
                    -0.12533272802829742,
                    0.5100295543670654,
                    -0.8509767651557922,
                    -3.4303972721099854
                ],
                [
                    0.0,
                    0.8577403426170349,
                    0.5140831470489502,
                    2.072335720062256
                ],
                [
                    0.0,
                    0.0,
                    0.0,
                    1.0
                ]
            ]
        },
        {
            "file_path": "./train/r_13",
            "rotation": 0.12566370614359174,
            "transform_matrix": [
                [
                    0.9921146631240845,
                    -0.05968434736132622,
                    0.11021047085523605,
                    0.44427263736724854
                ],
                [
                    0.12533383071422577,
                    0.47244793176651,
                    -0.8724014163017273,
                    -3.5167627334594727
                ],
                [
                    0.0,
                    0.8793352246284485,
                    0.47620299458503723,
                    1.9196357727050781
                ],
                [
                    0.0,
                    0.0,
                    0.0,
                    1.0
                ]
            ]
        },
        {
            "file_path": "./train/r_14",
            "rotation": 0.12566370614359174,
            "transform_matrix": [
                [
                    0.9297763109207153,
                    -0.16090963780879974,
                    0.33109551668167114,
                    1.334688663482666
                ],
                [
                    0.36812523007392883,
                    0.4064105153083801,
                    -0.8362501263618469,
                    -3.3710319995880127
                ],
                [
                    1.4901162970204496e-08,
                    0.8994100093841553,
                    0.43710583448410034,
                    1.762030005455017
                ],
                [
                    0.0,
                    0.0,
                    0.0,
                    1.0
                ]
            ]
        },
        {
            "file_path": "./train/r_15",
            "rotation": 0.12566370614359174,
            "transform_matrix": [
                [
                    0.8090165853500366,
                    -0.23363453149795532,
                    0.5393580794334412,
                    2.174221992492676
                ],
                [
                    0.5877858400344849,
                    0.3215698003768921,
                    -0.7423614859580994,
                    -2.9925549030303955
                ],
                [
                    0.0,
                    0.9176097512245178,
                    0.39748236536979675,
                    1.6023026704788208
                ],
                [
                    0.0,
                    0.0,
                    0.0,
                    1.0
                ]
            ]
        },
        {
            "file_path": "./train/r_16",
            "rotation": 0.12566370614359174,
            "transform_matrix": [
                [
                    0.6374235153198242,
                    -0.2758970856666565,
                    0.719424843788147,
                    2.9000942707061768
                ],
                [
                    0.770513653755188,
                    0.22824163734912872,
                    -0.5951591730117798,
                    -2.399163246154785
                ],
                [
                    -1.4901161193847656e-08,
                    0.9336950182914734,
                    0.3580690920352936,
                    1.4434226751327515
                ],
                [
                    0.0,
                    0.0,
                    0.0,
                    1.0
                ]
            ]
        },
        {
            "file_path": "./train/r_17",
            "rotation": 0.12566370614359174,
            "transform_matrix": [
                [
                    0.4257785975933075,
                    -0.2892042100429535,
                    0.857364296913147,
                    3.456146001815796
                ],
                [
                    0.9048274159431458,
                    0.13608889281749725,
                    -0.40344417095184326,
                    -1.6263355016708374
                ],
                [
                    -7.450580596923828e-09,
                    0.9475446343421936,
                    0.3196236193180084,
                    1.2884440422058105
                ],
                [
                    0.0,
                    0.0,
                    0.0,
                    1.0
                ]
            ]
        },
        {
            "file_path": "./train/r_18",
            "rotation": 0.12566370614359174,
            "transform_matrix": [
                [
                    0.18738043308258057,
                    -0.2778884768486023,
                    0.9421605467796326,
                    3.7979705333709717
                ],
                [
                    0.9822873473167419,
                    0.05300981178879738,
                    -0.17972587049007416,
                    -0.7244981527328491
                ],
                [
                    -3.7252898543727042e-09,
                    0.9591495394706726,
                    0.2828993499279022,
                    1.1404037475585938
                ],
                [
                    0.0,
                    0.0,
                    0.0,
                    1.0
                ]
            ]
        },
        {
            "file_path": "./train/r_19",
            "rotation": 0.12566370614359174,
            "transform_matrix": [
                [
                    -0.06279150396585464,
                    -0.248130664229393,
                    0.9666893482208252,
                    3.8968496322631836
                ],
                [
                    0.9980266094207764,
                    -0.01561130490154028,
                    0.060819901525974274,
                    0.2451728731393814
                ],
                [
                    0.0,
                    0.9686007499694824,
                    0.24862127006053925,
                    1.0022244453430176
                ],
                [
                    0.0,
                    0.0,
                    0.0,
                    1.0
                ]
            ]
        },
        {
            "file_path": "./train/r_20",
            "rotation": 0.12566370614359174,
            "transform_matrix": [
                [
                    -0.309018075466156,
                    -0.20682087540626526,
                    0.9282957911491394,
                    3.742079973220825
                ],
                [
                    0.951056182384491,
                    -0.0672004297375679,
                    0.3016227185726166,
                    1.215880036354065
                ],
                [
                    0.0,
                    0.9760681986808777,
                    0.21746443212032318,
                    0.8766271471977234
                ],
                [
                    0.0,
                    0.0,
                    0.0,
                    1.0
                ]
            ]
        },
        {
            "file_path": "./train/r_21",
            "rotation": 0.12566370614359174,
            "transform_matrix": [
                [
                    -0.5358277559280396,
                    -0.16045276820659637,
                    0.8289411664009094,
                    3.3415687084198
                ],
                [
                    0.8443272113800049,
                    -0.10182669013738632,
                    0.5260634422302246,
                    2.1206295490264893
                ],
                [
                    0.0,
                    0.9817770719528198,
                    0.19003622233867645,
                    0.7660605311393738
                ],
                [
                    0.0,
                    0.0,
                    0.0,
                    1.0
                ]
            ]
        },
        {
            "file_path": "./train/r_22",
            "rotation": 0.12566370614359174,
            "transform_matrix": [
                [
                    -0.7289695143699646,
                    -0.11422570794820786,
                    0.6749488115310669,
                    2.7208058834075928
                ],
                [
                    0.684546172618866,
                    -0.12163834273815155,
                    0.7187493443489075,
                    2.897371530532837
                ],
                [
                    7.450580596923828e-09,
                    0.9859799146652222,
                    0.16686342656612396,
                    0.6726480722427368
                ],
                [
                    0.0,
                    0.0,
                    0.0,
                    1.0
                ]
            ]
        },
        {
            "file_path": "./train/r_23",
            "rotation": 0.12566370614359174,
            "transform_matrix": [
                [
                    -0.8763073682785034,
                    -0.07148399949073792,
                    0.4764193594455719,
                    1.9205080270767212
                ],
                [
                    0.4817524254322052,
                    -0.1300293505191803,
                    0.8666064739227295,
                    3.4934027194976807
                ],
                [
                    3.725290298461914e-09,
                    0.9889299273490906,
                    0.1483832448720932,
                    0.5981520414352417
                ],
                [
                    0.0,
                    0.0,
                    0.0,
                    1.0
                ]
            ]
        },
        {
            "file_path": "./train/r_24",
            "rotation": 0.12566370614359174,
            "transform_matrix": [
                [
                    -0.9685835242271423,
                    -0.03355751559138298,
                    0.2464139312505722,
                    0.9933263063430786
                ],
                [
                    0.24868841469287872,
                    -0.13069871068000793,
                    0.9597249031066895,
                    3.868774890899658
                ],
                [
                    0.0,
                    0.9908539652824402,
                    0.13493800163269043,
                    0.543952465057373
                ],
                [
                    0.0,
                    0.0,
                    0.0,
                    1.0
                ]
            ]
        },
        {
            "file_path": "./train/r_25",
            "rotation": 0.12566370614359174,
            "transform_matrix": [
                [
                    -0.9999999403953552,
                    2.0351563989606802e-07,
                    -1.5924047147564124e-06,
                    -6.419188594009029e-06
                ],
                [
                    -1.6053570561780361e-06,
                    -0.12677280604839325,
                    0.9919317364692688,
                    3.9986047744750977
                ],
                [
                    0.0,
                    0.9919318556785583,
                    0.12677279114723206,
                    0.5110374689102173
                ],
                [
                    0.0,
                    0.0,
                    0.0,
                    1.0
                ]
            ]
        },
        {
            "file_path": "./train/r_26",
            "rotation": 0.12566370614359174,
            "transform_matrix": [
                [
                    -0.968582808971405,
                    0.03084638901054859,
                    -0.24677111208438873,
                    -0.9947661757469177
                ],
                [
                    -0.24869155883789062,
                    -0.12013790011405945,
                    0.9611032009124756,
                    3.874330997467041
                ],
                [
                    0.0,
                    0.9922778606414795,
                    0.12403473258018494,
                    0.5
                ],
                [
                    0.0,
                    0.0,
                    0.0,
                    1.0
                ]
            ]
        },
        {
            "file_path": "./train/r_27",
            "rotation": 0.12566370614359174,
            "transform_matrix": [
                [
                    -0.8763057589530945,
                    0.06107346713542938,
                    -0.47786834836006165,
                    -1.9263489246368408
                ],
                [
                    -0.4817552864551544,
                    -0.11109175533056259,
                    0.8692355751991272,
                    3.504000663757324
                ],
                [
                    -3.725290076417309e-09,
                    0.9919318556785583,
                    0.12677279114723206,
                    0.5110374689102173
                ],
                [
                    0.0,
                    0.0,
                    0.0,
                    1.0
                ]
            ]
        },
        {
            "file_path": "./train/r_28",
            "rotation": 0.12566370614359174,
            "transform_matrix": [
                [
                    -0.7289671897888184,
                    0.09237160533666611,
                    -0.67828768491745,
                    -2.734265089035034
                ],
                [
                    -0.6845484972000122,
                    -0.09836537390947342,
                    0.7223001718521118,
                    2.9116852283477783
                ],
                [
                    7.450580152834618e-09,
                    0.9908539652824402,
                    0.13493800163269043,
                    0.543952465057373
                ],
                [
                    0.0,
                    0.0,
                    0.0,
                    1.0
                ]
            ]
        },
        {
            "file_path": "./train/r_29",
            "rotation": 0.12566370614359174,
            "transform_matrix": [
                [
                    -0.5358251333236694,
                    0.12528428435325623,
                    -0.8349822163581848,
                    -3.3659210205078125
                ],
                [
                    -0.8443289995193481,
                    -0.07950747013092041,
                    0.5298934578895569,
                    2.136068820953369
                ],
                [
                    0.0,
                    0.9889299273490906,
                    0.1483832597732544,
                    0.5981520414352417
                ],
                [
                    0.0,
                    0.0,
                    0.0,
                    1.0
                ]
            ]
        },
        {
            "file_path": "./train/r_30",
            "rotation": 0.12566370614359174,
            "transform_matrix": [
                [
                    -0.3090149760246277,
                    0.15869665145874023,
                    -0.9377234578132629,
                    -3.780083656311035
                ],
                [
                    -0.9510571360588074,
                    -0.05156330019235611,
                    0.3046826422214508,
                    1.2282148599624634
                ],
                [
                    0.0,
                    0.9859799146652222,
                    0.16686347126960754,
                    0.6726480722427368
                ],
                [
                    0.0,
                    0.0,
                    0.0,
                    1.0
                ]
            ]
        },
        {
            "file_path": "./train/r_31",
            "rotation": 0.12566370614359174,
            "transform_matrix": [
                [
                    -0.06278829276561737,
                    0.18966124951839447,
                    -0.9798399209976196,
                    -3.9498610496520996
                ],
                [
                    -0.9980268478393555,
                    -0.011932051740586758,
                    0.061644114553928375,
                    0.24849537014961243
                ],
                [
                    -9.313225191043273e-10,
                    0.9817770719528198,
                    0.19003622233867645,
                    0.7660605311393738
                ],
                [
                    0.0,
                    0.0,
                    0.0,
                    1.0
                ]
            ]
        },
        {
            "file_path": "./train/r_32",
            "rotation": 0.12566370614359174,
            "transform_matrix": [
                [
                    0.18738356232643127,
                    0.21361243724822998,
                    -0.9587789177894592,
                    -3.864961624145508
                ],
                [
                    -0.9822867512702942,
                    0.040749263018369675,
                    -0.18289916217327118,
                    -0.7372901439666748
                ],
                [
                    -3.725290076417309e-09,
                    0.9760681986808777,
                    0.217464417219162,
                    0.8766271471977234
                ],
                [
                    0.0,
                    0.0,
                    0.0,
                    1.0
                ]
            ]
        },
        {
            "file_path": "./train/r_33",
            "rotation": 0.12566370614359174,
            "transform_matrix": [
                [
                    0.4257814884185791,
                    0.22495901584625244,
                    -0.8764151930809021,
                    -3.532942533493042
                ],
                [
                    -0.9048260450363159,
                    0.10585833340883255,
                    -0.41241225600242615,
                    -1.6624870300292969
                ],
                [
                    -7.450580596923828e-09,
                    0.9686007499694824,
                    0.24862128496170044,
                    1.0022244453430176
                ],
                [
                    0.0,
                    0.0,
                    0.0,
                    1.0
                ]
            ]
        },
        {
            "file_path": "./train/r_34",
            "rotation": 0.12566370614359174,
            "transform_matrix": [
                [
                    0.63742595911026,
                    0.21797721087932587,
                    -0.7390359044075012,
                    -2.9791488647460938
                ],
                [
                    -0.7705116271972656,
                    0.180327370762825,
                    -0.6113868355751038,
                    -2.4645791053771973
                ],
                [
                    0.0,
                    0.9591495394706726,
                    0.2828993499279022,
                    1.1404037475585938
                ],
                [
                    0.0,
                    0.0,
                    0.0,
                    1.0
                ]
            ]
        },
        {
            "file_path": "./train/r_35",
            "rotation": 0.12566370614359174,
            "transform_matrix": [
                [
                    0.8090185523033142,
                    0.18786939978599548,
                    -0.5569506883621216,
                    -2.245140314102173
                ],
                [
                    -0.5877832174301147,
                    0.2585814297199249,
                    -0.7665809988975525,
                    -3.0901873111724854
                ],
                [
                    -1.4901161193847656e-08,
                    0.9475446343421936,
                    0.31962358951568604,
                    1.2884440422058105
                ],
                [
                    0.0,
                    0.0,
                    0.0,
                    1.0
                ]
            ]
        },
        {
            "file_path": "./train/r_36",
            "rotation": 0.12566370614359174,
            "transform_matrix": [
                [
                    0.9297775030136108,
                    0.13181310892105103,
                    -0.3437137305736542,
                    -1.3855541944503784
                ],
                [
                    -0.36812201142311096,
                    0.3329245448112488,
                    -0.8681287169456482,
                    -3.4995384216308594
                ],
                [
                    -7.450580596923828e-09,
                    0.9336950182914734,
                    0.35806912183761597,
                    1.4434226751327515
                ],
                [
                    0.0,
                    0.0,
                    0.0,
                    1.0
                ]
            ]
        },
        {
            "file_path": "./train/r_37",
            "rotation": 0.12566370614359174,
            "transform_matrix": [
                [
                    0.9921151399612427,
                    0.04981663078069687,
                    -0.11500441282987595,
                    -0.4635976552963257
                ],
                [
                    -0.12533043324947357,
                    0.39434826374053955,
                    -0.9103744626045227,
                    -3.66983699798584
                ],
                [
                    0.0,
                    0.9176098108291626,
                    0.39748233556747437,
                    1.6023026704788208
                ],
                [
                    0.0,
                    0.0,
                    0.0,
                    1.0
                ]
            ]
        },
        {
            "file_path": "./train/r_38",
            "rotation": 0.12566370614359174,
            "transform_matrix": [
                [
                    0.9921143054962158,
                    -0.05478516221046448,
                    0.11272858828306198,
                    0.4544234871864319
                ],
                [
                    0.12533614039421082,
                    0.4336589574813843,
                    -0.8923175930976868,
                    -3.5970473289489746
                ],
                [
                    0.0,
                    0.8994099497795105,
                    0.43710583448410034,
                    1.762030005455017
                ],
                [
                    0.0,
                    0.0,
                    0.0,
                    1.0
                ]
            ]
        },
        {
            "file_path": "./train/r_39",
            "rotation": 0.12566370614359174,
            "transform_matrix": [
                [
                    0.9297754168510437,
                    -0.1753033548593521,
                    0.3237074017524719,
                    1.3049063682556152
                ],
                [
                    0.36812740564346313,
                    0.4427618086338043,
                    -0.8175842761993408,
                    -3.295787811279297
                ],
                [
                    -1.4901162970204496e-08,
                    0.8793352842330933,
                    0.47620299458503723,
                    1.9196357727050781
                ],
                [
                    0.0,
                    0.0,
                    0.0,
                    1.0
                ]
            ]
        },
        {
            "file_path": "./train/r_40",
            "rotation": 0.12566370614359174,
            "transform_matrix": [
                [
                    0.809015154838562,
                    -0.30217185616493225,
                    0.5041693449020386,
                    2.0323715209960938
                ],
                [
                    0.5877878665924072,
                    0.4159010946750641,
                    -0.6939249038696289,
                    -2.7973008155822754
                ],
                [
                    0.0,
                    0.8577403426170349,
                    0.514083206653595,
                    2.072335720062256
                ],
                [
                    0.0,
                    0.0,
                    0.0,
                    1.0
                ]
            ]
        },
        {
            "file_path": "./train/r_41",
            "rotation": 0.12566370614359174,
            "transform_matrix": [
                [
                    0.6374216079711914,
                    -0.4238777756690979,
                    0.6434449553489685,
                    2.5938096046447754
                ],
                [
                    0.7705153226852417,
                    0.35065990686416626,
                    -0.5323004722595215,
                    -2.1457717418670654
                ],
                [
                    0.0,
                    0.8350839614868164,
                    0.5501224994659424,
                    2.2176146507263184
                ],
                [
                    0.0,
                    0.0,
                    0.0,
                    1.0
                ]
            ]
        },
        {
            "file_path": "./train/r_42",
            "rotation": 0.12566370614359174,
            "transform_matrix": [
                [
                    0.42577627301216125,
                    -0.5282214879989624,
                    0.7346404194831848,
                    2.961430311203003
                ],
                [
                    0.9048285484313965,
                    0.24855999648571014,
                    -0.34569251537323,
                    -1.393531084060669
                ],
                [
                    1.4901162970204496e-08,
                    0.8119111657142639,
                    0.5837808847427368,
                    2.3532960414886475
                ],
                [
                    0.0,
                    0.0,
                    0.0,
                    1.0
                ]
            ]
        },
        {
            "file_path": "./train/r_43",
            "rotation": 0.12566370614359174,
            "transform_matrix": [
                [
                    0.1873779147863388,
                    -0.6037262678146362,
                    0.7748575210571289,
                    3.1235504150390625
                ],
                [
                    0.9822878837585449,
                    0.11516478657722473,
                    -0.1478092074394226,
                    -0.5958379507064819
                ],
                [
                    7.450578820566989e-09,
                    0.7888293266296387,
                    0.6146122813224792,
                    2.477581262588501
                ],
                [
                    0.0,
                    0.0,
                    0.0,
                    1.0
                ]
            ]
        },
        {
            "file_path": "./train/r_44",
            "rotation": 0.12566370614359174,
            "transform_matrix": [
                [
                    -0.06279405951499939,
                    -0.6410003304481506,
                    0.7649676203727722,
                    3.0836830139160156
                ],
                [
                    0.9980264902114868,
                    -0.04033060744404793,
                    0.04813041165471077,
                    0.1940198838710785
                ],
                [
                    -1.8626449271863521e-09,
                    0.7664802074432373,
                    0.6422678232192993,
                    2.589064359664917
                ],
                [
                    0.0,
                    0.0,
                    0.0,
                    1.0
                ]
            ]
        },
        {
            "file_path": "./train/r_45",
            "rotation": 0.12566370614359174,
            "transform_matrix": [
                [
                    -0.309020459651947,
                    -0.6338712573051453,
                    0.7090228796005249,
                    2.8581628799438477
                ],
                [
                    0.9510554075241089,
                    -0.20595979690551758,
                    0.23037832975387573,
                    0.9286848902702332
                ],
                [
