{
    "camera_angle_x": 0.691111147403717,
    "frames": [
        {
            "file_path": "/Users/dimakot55/Downloads/blender/style_scenes/pine_cone/./pinecone_attempt1//r_0",
            "rotation": 0.031415926535897934,
            "transform_matrix": [
                [
                    -1.0,
                    0.0,
                    0.0,
                    0.0
                ],
                [
                    0.0,
                    -0.12403473258018494,
                    0.9922778606414795,
                    4.0
                ],
                [
                    0.0,
                    0.9922778606414795,
                    0.12403473258018494,
                    0.5
                ],
                [
                    0.0,
                    0.0,
                    0.0,
                    1.0
                ]
            ]
        },
        {
            "file_path": "/Users/dimakot55/Downloads/blender/style_scenes/pine_cone/./pinecone_attempt1//r_1",
            "rotation": 0.031415926535897934,
            "transform_matrix": [
                [
                    -0.9980266690254211,
                    0.04609514772891998,
                    -0.042636688798666,
                    -0.17187398672103882
                ],
                [
                    -0.06279051303863525,
                    -0.7326614260673523,
                    0.6776907444000244,
                    2.731858730316162
                ],
                [
                    -3.7252896323280993e-09,
                    0.6790306568145752,
                    0.7341099381446838,
                    2.959291696548462
                ],
                [
                    0.0,
                    0.0,
                    0.0,
                    1.0
                ]
            ]
        },
        {
            "file_path": "/Users/dimakot55/Downloads/blender/style_scenes/pine_cone/./pinecone_attempt1//r_2",
            "rotation": 0.031415926535897934,
            "transform_matrix": [
                [
                    -0.9921146631240845,
                    0.09199367463588715,
                    -0.08512099087238312,
                    -0.34313371777534485
                ],
                [
                    -0.12533321976661682,
                    -0.7282049059867859,
                    0.6738020181655884,
                    2.7161829471588135
                ],
                [
                    0.0,
                    0.6791573762893677,
                    0.7339926362037659,
                    2.9588191509246826
                ],
                [
                    0.0,
                    0.0,
                    0.0,
                    1.0
                ]
            ]
        },
        {
            "file_path": "/Users/dimakot55/Downloads/blender/style_scenes/pine_cone/./pinecone_attempt1//r_3",
            "rotation": 0.031415926535897934,
            "transform_matrix": [
                [
                    -0.9822872281074524,
                    0.13747060298919678,
                    -0.1273326277732849,
                    -0.5132942199707031
                ],
                [
                    -0.1873813271522522,
                    -0.7206460237503052,
                    0.6675009727478027,
                    2.690782308578491
                ],
                [
                    1.4901158529312397e-08,
                    0.6795374155044556,
                    0.7336407899856567,
                    2.9574005603790283
                ],
                [
                    0.0,
                    0.0,
                    0.0,
                    1.0
                ]
            ]
        },
        {
            "file_path": "/Users/dimakot55/Downloads/blender/style_scenes/pine_cone/./pinecone_attempt1//r_4",
            "rotation": 0.031415926535897934,
            "transform_matrix": [
                [
                    -0.9685832262039185,
                    0.18230323493480682,
                    -0.1691514402627945,
                    -0.6818711757659912
                ],
                [
                    -0.2486899346113205,
                    -0.7100241184234619,
                    0.6588013172149658,
                    2.655712842941284
                ],
                [
                    7.450580596923828e-09,
                    0.6801700592041016,
                    0.7330543994903564,
                    2.9550364017486572
                ],
                [
                    0.0,
                    0.0,
                    0.0,
                    1.0
                ]
            ]
        },
        {
            "file_path": "/Users/dimakot55/Downloads/blender/style_scenes/pine_cone/./pinecone_attempt1//r_5",
            "rotation": 0.031415926535897934,
            "transform_matrix": [
                [
                    -0.9510564804077148,
                    0.22627250850200653,
                    -0.21045728027820587,
                    -0.848380446434021
                ],
                [
                    -0.30901700258255005,
                    -0.6963950991630554,
                    0.6477208733558655,
                    2.611046314239502
                ],
                [
                    1.4901159417490817e-08,
                    0.6810539960861206,
                    0.7322331666946411,
                    2.951726198196411
                ],
                [
                    0.0,
                    0.0,
                    0.0,
                    1.0
                ]
            ]
        },
        {
            "file_path": "/Users/dimakot55/Downloads/blender/style_scenes/pine_cone/./pinecone_attempt1//r_6",
            "rotation": 0.031415926535897934,
            "transform_matrix": [
                [
                    -0.9297764897346497,
                    0.26916423439979553,
                    -0.25112998485565186,
                    -1.0123374462127686
                ],
                [
                    -0.3681245446205139,
                    -0.6798312664031982,
                    0.6342819333076477,
                    2.556872606277466
                ],
                [
                    0.0,
                    0.6821876764297485,
                    0.731177031993866,
                    2.9474692344665527
                ],
                [
                    0.0,
                    0.0,
                    0.0,
                    1.0
                ]
            ]
        },
        {
            "file_path": "/Users/dimakot55/Downloads/blender/style_scenes/pine_cone/./pinecone_attempt1//r_7",
            "rotation": 0.031415926535897934,
            "transform_matrix": [
                [
                    -0.9048270583152771,
                    0.3107704222202301,
                    -0.29104936122894287,
                    -1.1732574701309204
                ],
                [
                    -0.4257793128490448,
                    -0.6604207754135132,
                    0.6185113787651062,
                    2.4932990074157715
                ],
                [
                    0.0,
                    0.6835686564445496,
                    0.7298862338066101,
                    2.942265510559082
                ],
                [
                    0.0,
                    0.0,
                    0.0,
                    1.0
                ]
            ]
        },
        {
            "file_path": "/Users/dimakot55/Downloads/blender/style_scenes/pine_cone/./pinecone_attempt1//r_8",
            "rotation": 0.031415926535897934,
            "transform_matrix": [
                [
                    -0.8763066530227661,
                    0.35089030861854553,
                    -0.3300948739051819,
                    -1.3306550979614258
                ],
                [
                    -0.48175370693206787,
                    -0.6382669806480408,
                    0.600440263748169,
                    2.420452356338501
                ],
                [
                    1.4901161193847656e-08,
                    0.6851943135261536,
                    0.7283602356910706,
                    2.9361143112182617
                ],
                [
                    0.0,
                    0.0,
                    0.0,
                    1.0
                ]
            ]
        },
        {
            "file_path": "/Users/dimakot55/Downloads/blender/style_scenes/pine_cone/./pinecone_attempt1//r_9",
            "rotation": 0.031415926535897934,
            "transform_matrix": [
                [
                    -0.844327986240387,
                    0.3893313407897949,
                    -0.36814600229263306,
                    -1.484044075012207
                ],
                [
                    -0.5358268618583679,
                    -0.613487958908081,
                    0.580105185508728,
                    2.3384790420532227
                ],
                [
                    0.0,
                    0.687061607837677,
                    0.7265990972518921,
                    2.9290149211883545
                ],
                [
                    0.0,
                    0.0,
                    0.0,
                    1.0
                ]
            ]
        },
        {
            "file_path": "/Users/dimakot55/Downloads/blender/style_scenes/pine_cone/./pinecone_attempt1//r_10",
            "rotation": 0.031415926535897934,
            "transform_matrix": [
                [
                    -0.8090169429779053,
                    0.4259108603000641,
                    -0.4050821363925934,
                    -1.632938265800476
                ],
                [
                    -0.5877853631973267,
                    -0.5862158536911011,
                    0.5575476288795471,
                    2.247546434402466
                ],
                [
                    1.4901161193847656e-08,
                    0.6891666650772095,
                    0.7246027588844299,
                    2.9209671020507812
                ],
                [
                    0.0,
                    0.0,
                    0.0,
                    1.0
                ]
            ]
        },
        {
            "file_path": "/Users/dimakot55/Downloads/blender/style_scenes/pine_cone/./pinecone_attempt1//r_11",
            "rotation": 0.031415926535897934,
            "transform_matrix": [
                [
                    -0.7705132961273193,
                    0.4604564905166626,
                    -0.4407823979854584,
                    -1.7768508195877075
                ],
                [
                    -0.6374240517616272,
                    -0.5565962195396423,
                    0.5328143239021301,
                    2.147843360900879
                ],
                [
                    1.4901162970204496e-08,
                    0.6915058493614197,
                    0.7223708033561707,
                    2.9119701385498047
                ],
                [
                    0.0,
                    0.0,
                    0.0,
                    1.0
                ]
            ]
        },
        {
            "file_path": "/Users/dimakot55/Downloads/blender/style_scenes/pine_cone/./pinecone_attempt1//r_12",
            "rotation": 0.031415926535897934,
            "transform_matrix": [
                [
                    -0.7289685606956482,
                    0.49280789494514465,
                    -0.4751265048980713,
                    -1.915296196937561
                ],
                [
                    -0.6845472455024719,
                    -0.5247869491577148,
                    0.5059581995010376,
                    2.0395827293395996
                ],
                [
                    -1.4901162970204496e-08,
                    0.6940740942955017,
                    0.7199034690856934,
                    2.9020237922668457
                ],
                [
                    0.0,
                    0.0,
                    0.0,
                    1.0
                ]
            ]
        },
        {
            "file_path": "/Users/dimakot55/Downloads/blender/style_scenes/pine_cone/./pinecone_attempt1//r_13",
            "rotation": 0.031415926535897934,
            "transform_matrix": [
                [
                    -0.6845470666885376,
                    0.5228167772293091,
                    -0.5079941153526306,
                    -2.0477898120880127
                ],
                [
                    -0.7289687395095825,
                    -0.4909575283527374,
                    0.47703811526298523,
                    1.9230021238327026
                ],
                [
                    0.0,
                    0.6968668103218079,
                    0.717200517654419,
                    2.891127824783325
                ],
                [
                    0.0,
                    0.0,
                    0.0,
                    1.0
                ]
            ]
        },
        {
            "file_path": "/Users/dimakot55/Downloads/blender/style_scenes/pine_cone/./pinecone_attempt1//r_14",
            "rotation": 0.031415926535897934,
            "transform_matrix": [
                [
                    -0.6374239325523376,
                    0.5503484010696411,
                    -0.5392656326293945,
                    -2.17384934425354
                ],
                [
                    -0.7705134153366089,
                    -0.4552876353263855,
                    0.44611918926239014,
                    1.7983639240264893
                ],
                [
                    0.0,
                    0.6998783946037292,
                    0.7142620086669922,
                    2.879282236099243
                ],
                [
                    0.0,
                    0.0,
                    0.0,
                    1.0
                ]
            ]
        },
        {
            "file_path": "/Users/dimakot55/Downloads/blender/style_scenes/pine_cone/./pinecone_attempt1//r_15",
            "rotation": 0.031415926535897934,
            "transform_matrix": [
                [
                    -0.587785005569458,
                    0.5752823948860168,
                    -0.5688223838806152,
                    -2.292996406555176
                ],
                [
                    -0.8090171217918396,
                    -0.41796690225601196,
                    0.4132734537124634,
                    1.6659585237503052
                ],
                [
                    0.0,
                    0.7031030058860779,
                    0.7110880017280579,
                    2.866487503051758
                ],
                [
                    0.0,
                    0.0,
                    0.0,
                    1.0
                ]
            ]
        },
        {
            "file_path": "/Users/dimakot55/Downloads/blender/style_scenes/pine_cone/./pinecone_attempt1//r_16",
            "rotation": 0.031415926535897934,
            "transform_matrix": [
                [
                    -0.5358266830444336,
                    0.5975128412246704,
                    -0.5965467095375061,
                    -2.404757022857666
                ],
                [
                    -0.8443280458450317,
                    -0.37919309735298157,
                    0.3785799443721771,
                    1.5261046886444092
                ],
                [
                    -2.980232594040899e-08,
                    0.7065344452857971,
                    0.7076785564422607,
                    2.8527438640594482
                ],
                [
                    0.0,
                    0.0,
                    0.0,
                    1.0
                ]
            ]
        },
        {
            "file_path": "/Users/dimakot55/Downloads/blender/style_scenes/pine_cone/./pinecone_attempt1//r_17",
            "rotation": 0.031415926535897934,
            "transform_matrix": [
                [
                    -0.48175346851348877,
                    0.6169499754905701,
                    -0.622323215007782,
                    -2.5086653232574463
                ],
                [
                    -0.8763067722320557,
                    -0.3391709327697754,
                    0.34212490916252136,
                    1.3791497945785522
                ],
                [
                    1.4901161193847656e-08,
                    0.7101660370826721,
                    0.704034149646759,
                    2.838052749633789
                ],
                [
                    0.0,
                    0.0,
                    0.0,
                    1.0
                ]
            ]
        },
        {
            "file_path": "/Users/dimakot55/Downloads/blender/style_scenes/pine_cone/./pinecone_attempt1//r_18",
            "rotation": 0.031415926535897934,
            "transform_matrix": [
                [
                    -0.4257790446281433,
                    0.6335194110870361,
                    -0.6460382342338562,
                    -2.6042633056640625
                ],
                [
                    -0.9048271179199219,
                    -0.2981114089488983,
                    0.3040023446083069,
                    1.2254726886749268
                ],
                [
                    1.4901159417490817e-08,
                    0.7139907479286194,
                    0.7001551389694214,
                    2.822415590286255
                ],
                [
                    0.0,
                    0.0,
                    0.0,
                    1.0
                ]
            ]
        },
        {
            "file_path": "/Users/dimakot55/Downloads/blender/style_scenes/pine_cone/./pinecone_attempt1//r_19",
            "rotation": 0.031415926535897934,
            "transform_matrix": [
                [
                    -0.3681242763996124,
                    0.6471632122993469,
                    -0.6675808429718018,
                    -2.6911044120788574
                ],
                [
                    -0.9297766089439392,
                    -0.25622981786727905,
                    0.2643137276172638,
                    1.06548273563385
                ],
                [
                    0.0,
                    0.7180013060569763,
                    0.6960417032241821,
                    2.8058338165283203
                ],
                [
                    0.0,
                    0.0,
                    0.0,
                    1.0
                ]
            ]
        },
        {
            "file_path": "/Users/dimakot55/Downloads/blender/style_scenes/pine_cone/./pinecone_attempt1//r_20",
            "rotation": 0.031415926535897934,
            "transform_matrix": [
                [
                    -0.30901673436164856,
                    0.6578408479690552,
                    -0.6868433952331543,
                    -2.768754482269287
                ],
                [
                    -0.9510565996170044,
                    -0.21374526619911194,
                    0.2231687605381012,
                    0.8996220827102661
                ],
                [
                    0.0,
                    0.7221898436546326,
                    0.6916947364807129,
                    2.788311004638672
                ],
                [
                    0.0,
                    0.0,
                    0.0,
                    1.0
                ]
            ]
        },
        {
            "file_path": "/Users/dimakot55/Downloads/blender/style_scenes/pine_cone/./pinecone_attempt1//r_21",
            "rotation": 0.031415926535897934,
            "transform_matrix": [
                [
                    -0.24868960678577423,
                    0.6655282974243164,
                    -0.7037226557731628,
                    -2.836796998977661
                ],
                [
                    -0.9685831665992737,
                    -0.17087841033935547,
                    0.18068504333496094,
                    0.7283647656440735
                ],
                [
                    0.0,
                    0.7265485525131226,
                    0.6871150732040405,
                    2.7698497772216797
                ],
                [
                    0.0,
                    0.0,
                    0.0,
                    1.0
                ]
            ]
        },
        {
            "file_path": "/Users/dimakot55/Downloads/blender/style_scenes/pine_cone/./pinecone_attempt1//r_22",
            "rotation": 0.031415926535897934,
            "transform_matrix": [
                [
                    -0.18738099932670593,
                    0.6702184677124023,
                    -0.7181195616722107,
                    -2.8948326110839844
                ],
                [
                    -0.9822872877120972,
                    -0.12785077095031738,
                    0.13698838651180267,
                    0.5522178411483765
                ],
                [
                    7.450580596923828e-09,
                    0.7310687303543091,
                    0.682303786277771,
                    2.7504544258117676
                ],
                [
                    0.0,
                    0.0,
                    0.0,
                    1.0
                ]
            ]
        },
        {
            "file_path": "/Users/dimakot55/Downloads/blender/style_scenes/pine_cone/./pinecone_attempt1//r_23",
            "rotation": 0.031415926535897934,
            "transform_matrix": [
                [
                    -0.12533289194107056,
                    0.6719213724136353,
                    -0.7299405336380005,
                    -2.9424843788146973
                ],
                [
                    -0.992114782333374,
                    -0.0848831757903099,
                    0.09221267700195312,
                    0.37172117829322815
                ],
                [
                    -3.725290298461914e-09,
                    0.7357420325279236,
                    0.6772618293762207,
                    2.7301297187805176
                ],
                [
                    0.0,
                    0.0,
                    0.0,
                    1.0
                ]
            ]
        },
        {
            "file_path": "/Users/dimakot55/Downloads/blender/style_scenes/pine_cone/./pinecone_attempt1//r_24",
            "rotation": 0.031415926535897934,
            "transform_matrix": [
                [
                    -0.062790147960186,
                    0.6706648468971252,
                    -0.7390980124473572,
                    -2.9793996810913086
                ],
                [
                    -0.9980267882347107,
                    -0.04219440743327141,
                    0.0464998297393322,
                    0.18744681775569916
                ],
                [
                    -1.862645149230957e-09,
                    0.7405593395233154,
                    0.6719908118247986,
                    2.7088818550109863
                ],
                [
                    0.0,
                    0.0,
                    0.0,
                    1.0
                ]
            ]
        },
        {
            "file_path": "/Users/dimakot55/Downloads/blender/style_scenes/pine_cone/./pinecone_attempt1//r_25",
            "rotation": 0.031415926535897934,
            "transform_matrix": [
                [
                    4.013392072010902e-07,
                    0.6664924025535583,
                    -0.7455117106437683,
                    -3.005254030227661
                ],
                [
                    -1.0,
                    2.674895256404852e-07,
                    -2.9920306587882806e-07,
                    -1.206126285069331e-06
                ],
                [
                    0.0,
                    0.7455117106437683,
                    0.6664924025535583,
                    2.6867170333862305
                ],
                [
                    0.0,
                    0.0,
                    0.0,
                    1.0
                ]
            ]
        },
        {
            "file_path": "/Users/dimakot55/Downloads/blender/style_scenes/pine_cone/./pinecone_attempt1//r_26",
            "rotation": 0.031415926535897934,
            "transform_matrix": [
                [
                    0.06279095262289047,
                    0.6594647169113159,
                    -0.7491084933280945,
                    -3.0197529792785645
                ],
                [
                    -0.9980267882347107,
                    0.04149028658866882,
                    -0.04713023453950882,
                    -0.18998804688453674
                ],
                [
                    0.0,
                    0.7505896687507629,
                    0.6607686281204224,
                    2.6636435985565186
                ],
                [
                    0.0,
                    0.0,
                    0.0,
                    1.0
                ]
            ]
        },
        {
            "file_path": "/Users/dimakot55/Downloads/blender/style_scenes/pine_cone/./pinecone_attempt1//r_27",
            "rotation": 0.031415926535897934,
            "transform_matrix": [
                [
                    0.12533369660377502,
                    0.6496580243110657,
                    -0.7498238682746887,
                    -3.022636651992798
                ],
                [
                    -0.9921146631240845,
                    0.0820712000131607,
                    -0.09472513198852539,
                    -0.3818492293357849
                ],
                [
                    0.0,
                    0.7557834982872009,
                    0.654821515083313,
                    2.639669895172119
                ],
                [
                    0.0,
                    0.0,
                    0.0,
                    1.0
                ]
            ]
        },
        {
            "file_path": "/Users/dimakot55/Downloads/blender/style_scenes/pine_cone/./pinecone_attempt1//r_28",
            "rotation": 0.031415926535897934,
            "transform_matrix": [
                [
                    0.18738175928592682,
                    0.6371641755104065,
                    -0.7476027011871338,
                    -3.0136830806732178
                ],
                [
                    -0.9822871088981628,
                    0.12154587358236313,
                    -0.14261320233345032,
                    -0.5748922824859619
                ],
                [
                    0.0,
                    0.7610836625099182,
                    0.6486536264419556,
                    2.614806652069092
                ],
                [
                    0.0,
                    0.0,
                    0.0,
                    1.0
                ]
            ]
        },
        {
            "file_path": "/Users/dimakot55/Downloads/blender/style_scenes/pine_cone/./pinecone_attempt1//r_29",
            "rotation": 0.031415926535897934,
            "transform_matrix": [
                [
                    0.2486903965473175,
                    0.6220897436141968,
                    -0.7423997521400452,
                    -2.992709159851074
                ],
                [
                    -0.9685831069946289,
                    0.1597258299589157,
                    -0.19061626493930817,
                    -0.7683987617492676
                ],
                [
                    -7.450581485102248e-09,
                    0.7664802074432373,
                    0.6422678232192993,
                    2.589064359664917
                ],
                [
                    0.0,
                    0.0,
                    0.0,
                    1.0
                ]
            ]
        },
        {
            "file_path": "/Users/dimakot55/Downloads/blender/style_scenes/pine_cone/./pinecone_attempt1//r_30",
            "rotation": 0.031415926535897934,
            "transform_matrix": [
                [
                    0.30901750922203064,
                    0.6045552492141724,
                    -0.7341804504394531,
                    -2.959576368331909
                ],
                [
                    -0.9510563611984253,
                    0.19643227756023407,
                    -0.2385501265525818,
                    -0.9616263508796692
                ],
                [
                    0.0,
                    0.7719631791114807,
                    0.6356671452522278,
                    2.5624563694000244
                ],
                [
                    0.0,
                    0.0,
                    0.0,
                    1.0
                ]
            ]
        },
        {
            "file_path": "/Users/dimakot55/Downloads/blender/style_scenes/pine_cone/./pinecone_attempt1//r_31",
            "rotation": 0.031415926535897934,
            "transform_matrix": [
                [
                    0.3681250810623169,
                    0.5846945643424988,
                    -0.7229219675064087,
                    -2.914191722869873
                ],
                [
                    -0.9297763109207153,
                    0.2314973622560501,
                    -0.2862255275249481,
                    -1.153812050819397
                ],
                [
                    1.4901161193847656e-08,
                    0.7775224447250366,
                    0.6288551092147827,
                    2.5349960327148438
                ],
                [
                    0.0,
                    0.0,
                    0.0,
                    1.0
                ]
            ]
        },
        {
            "file_path": "/Users/dimakot55/Downloads/blender/style_scenes/pine_cone/./pinecone_attempt1//r_32",
            "rotation": 0.031415926535897934,
            "transform_matrix": [
                [
                    0.4257798492908478,
                    0.5626534223556519,
                    -0.7086130976676941,
                    -2.856511116027832
                ],
                [
                    -0.904826819896698,
                    0.26476502418518066,
                    -0.3334485590457916,
                    -1.3441742658615112
                ],
                [
                    -1.4901161193847656e-08,
                    0.7831478714942932,
                    0.6218354105949402,
                    2.5066988468170166
                ],
                [
                    0.0,
                    0.0,
                    0.0,
                    1.0
                ]
            ]
        },
        {
            "file_path": "/Users/dimakot55/Downloads/blender/style_scenes/pine_cone/./pinecone_attempt1//r_33",
            "rotation": 0.031415926535897934,
            "transform_matrix": [
                [
                    0.4817541837692261,
                    0.5385887026786804,
                    -0.6912562251091003,
                    -2.7865428924560547
                ],
                [
                    -0.8763064742088318,
                    0.29609203338623047,
                    -0.3800218403339386,
                    -1.5319170951843262
                ],
                [
                    -1.4901161193847656e-08,
                    0.7888293266296387,
                    0.6146122813224792,
                    2.477581262588501
                ],
                [
                    0.0,
                    0.0,
                    0.0,
                    1.0
                ]
            ]
        },
        {
            "file_path": "/Users/dimakot55/Downloads/blender/style_scenes/pine_cone/./pinecone_attempt1//r_34",
            "rotation": 0.031415926535897934,
            "transform_matrix": [
                [
                    0.5358273983001709,
                    0.5126674771308899,
                    -0.6708659529685974,
                    -2.7043471336364746
                ],
                [
                    -0.8443276882171631,
                    0.3253491222858429,
                    -0.4257450997829437,
                    -1.7162333726882935
                ],
                [
                    -1.4901162970204496e-08,
                    0.7945564985275269,
                    0.6071901917457581,
                    2.447661876678467
                ],
                [
                    0.0,
                    0.0,
                    0.0,
                    1.0
                ]
            ]
        },
        {
            "file_path": "/Users/dimakot55/Downloads/blender/style_scenes/pine_cone/./pinecone_attempt1//r_35",
            "rotation": 0.031415926535897934,
            "transform_matrix": [
                [
                    0.5877857804298401,
                    0.4850653409957886,
                    -0.64747154712677,
                    -2.610041379928589
                ],
                [
                    -0.8090166449546814,
                    0.3524211049079895,
                    -0.47041627764701843,
                    -1.8963086605072021
                ],
                [
                    1.4901161193847656e-08,
                    0.8003191947937012,
                    0.5995740294456482,
                    2.4169602394104004
                ],
                [
                    0.0,
                    0.0,
                    0.0,
                    1.0
                ]
            ]
        },
        {
            "file_path": "/Users/dimakot55/Downloads/blender/style_scenes/pine_cone/./pinecone_attempt1//r_36",
            "rotation": 0.031415926535897934,
            "transform_matrix": [
                [
                    0.637424647808075,
                    0.4559655785560608,
                    -0.621116042137146,
                    -2.5037992000579834
                ],
                [
                    -0.7705128192901611,
                    0.3772081434726715,
                    -0.513832688331604,
                    -2.0713260173797607
                ],
                [
                    0.0,
                    0.8061074614524841,
                    0.5917689800262451,
                    2.3854973316192627
                ],
                [
                    0.0,
                    0.0,
                    0.0,
                    1.0
                ]
            ]
        },
        {
            "file_path": "/Users/dimakot55/Downloads/blender/style_scenes/pine_cone/./pinecone_attempt1//r_37",
            "rotation": 0.031415926535897934,
            "transform_matrix": [
                [
                    0.6845476031303406,
                    0.4255577325820923,
                    -0.5918574333190918,
                    -2.3858535289764404
                ],
                [
                    -0.7289682030677795,
                    0.3996258080005646,
                    -0.5557918548583984,
                    -2.240468740463257
                ],
                [
                    -1.4901162970204496e-08,
                    0.8119111657142639,
                    0.5837808847427368,
                    2.3532960414886475
                ],
                [
                    0.0,
                    0.0,
                    0.0,
                    1.0
                ]
            ]
        },
        {
            "file_path": "/Users/dimakot55/Downloads/blender/style_scenes/pine_cone/./pinecone_attempt1//r_38",
            "rotation": 0.031415926535897934,
            "transform_matrix": [
                [
                    0.728969156742096,
                    0.394035667181015,
                    -0.5597676634788513,
                    -2.256495714187622
                ],
                [
                    -0.6845465302467346,
                    0.4196060299873352,
                    -0.596092939376831,
                    -2.4029273986816406
                ],
                [
                    1.4901162970204496e-08,
                    0.817720353603363,
                    0.5756155848503113,
                    2.320380687713623
                ],
                [
                    0.0,
                    0.0,
                    0.0,
                    1.0
                ]
            ]
        },
        {
            "file_path": "/Users/dimakot55/Downloads/blender/style_scenes/pine_cone/./pinecone_attempt1//r_39",
            "rotation": 0.031415926535897934,
            "transform_matrix": [
                [
                    0.7705137133598328,
                    0.3615972399711609,
                    -0.5249342918395996,
                    -2.1160778999328613
                ],
                [
                    -0.6374233961105347,
                    0.4370966851711273,
                    -0.6345375776290894,
                    -2.5579028129577637
                ],
                [
                    0.0,
                    0.8235253095626831,
                    0.5672795176506042,
                    2.2867767810821533
                ],
                [
                    0.0,
                    0.0,
                    0.0,
                    1.0
                ]
            ]
        },
        {
            "file_path": "/Users/dimakot55/Downloads/blender/style_scenes/pine_cone/./pinecone_attempt1//r_40",
            "rotation": 0.031415926535897934,
            "transform_matrix": [
                [
                    0.8090174198150635,
                    0.3284419775009155,
                    -0.48745933175086975,
                    -1.9650115966796875
                ],
                [
                    -0.5877846479415894,
                    0.45206233859062195,
                    -0.6709312796592712,
                    -2.704610824584961
                ],
                [
                    0.0,
                    0.8293163180351257,
                    0.5587793588638306,
                    2.252511978149414
                ],
                [
                    0.0,
                    0.0,
                    0.0,
                    1.0
                ]
            ]
        },
        {
            "file_path": "/Users/dimakot55/Downloads/blender/style_scenes/pine_cone/./pinecone_attempt1//r_41",
            "rotation": 0.031415926535897934,
            "transform_matrix": [
                [
                    0.8443283438682556,
                    0.2947700619697571,
                    -0.44745975732803345,
                    -1.8037680387496948
                ],
                [
                    -0.5358261466026306,
                    0.4644840955734253,
                    -0.7050849795341492,
                    -2.8422887325286865
                ],
                [
                    0.0,
                    0.8350839614868164,
                    0.5501224398612976,
                    2.2176146507263184
                ],
                [
                    0.0,
                    0.0,
                    0.0,
                    1.0
                ]
            ]
        },
        {
            "file_path": "/Users/dimakot55/Downloads/blender/style_scenes/pine_cone/./pinecone_attempt1//r_42",
            "rotation": 0.031415926535897934,
