{
    "camera_angle_x": 0.691111147403717,
    "frames": [
        {
            "file_path": "./train/r_0",
            "rotation": 0.15707963267948966,
            "transform_matrix": [
                [
                    -1.0,
                    0.0,
                    0.0,
                    0.0
                ],
                [
                    0.0,
                    -0.12403473258018494,
                    0.9922778606414795,
                    2.0
                ],
                [
                    0.0,
                    0.9922778606414795,
                    0.12403473258018494,
                    0.25
                ],
                [
                    0.0,
                    0.0,
                    0.0,
                    1.0
                ]
            ]
        },
        {
            "file_path": "./train/r_1",
            "rotation": 0.15707963267948966,
            "transform_matrix": [
                [
                    -0.9510565996170044,
                    0.22685247659683228,
                    -0.20983201265335083,
                    -0.42292994260787964
                ],
                [
                    -0.3090170621871948,
                    -0.6981800198554993,
                    0.6457964777946472,
                    1.3016444444656372
                ],
                [
                    1.4901162970204496e-08,
                    0.6790306568145752,
                    0.7341099381446838,
                    1.479645848274231
                ],
                [
                    0.0,
                    0.0,
                    0.0,
                    1.0
                ]
            ]
        },
        {
            "file_path": "./train/r_2",
            "rotation": 0.15707963267948966,
            "transform_matrix": [
                [
                    -0.8090168833732605,
                    0.4297751188278198,
                    -0.4009798467159271,
                    -0.8082007169723511
                ],
                [
                    -0.5877852439880371,
                    -0.5915346741676331,
                    0.5519013404846191,
                    1.112392783164978
                ],
                [
                    -1.4901161193847656e-08,
                    0.6821876764297485,
                    0.7311770915985107,
                    1.4737346172332764
                ],
                [
                    0.0,
                    0.0,
                    0.0,
                    1.0
                ]
            ]
        },
        {
            "file_path": "./train/r_3",
            "rotation": 0.15707963267948966,
            "transform_matrix": [
                [
                    -0.5877852439880371,
                    0.5844103693962097,
                    -0.5594398975372314,
                    -1.1275873184204102
                ],
                [
                    -0.80901700258255,
                    -0.4245989918708801,
                    0.4064568877220154,
                    0.8192400932312012
                ],
                [
                    0.0,
                    0.6915058493614197,
                    0.7223708033561707,
                    1.4559850692749023
                ],
                [
                    0.0,
                    0.0,
                    0.0,
                    1.0
                ]
            ]
        },
        {
            "file_path": "./train/r_4",
            "rotation": 0.15707963267948966,
            "transform_matrix": [
                [
                    -0.30901697278022766,
                    0.673042356967926,
                    -0.6719541549682617,
                    -1.3543668985366821
                ],
                [
                    -0.9510565400123596,
                    -0.21868468821048737,
                    0.21833109855651855,
                    0.44006040692329407
                ],
                [
                    -1.4901162970204496e-08,
                    0.7065344452857971,
                    0.7076786160469055,
                    1.4263719320297241
                ],
                [
                    0.0,
                    0.0,
                    0.0,
                    1.0
                ]
            ]
        },
        {
            "file_path": "./train/r_5",
            "rotation": 0.15707963267948966,
            "transform_matrix": [
                [
                    4.371138828673793e-08,
                    0.6871151328086853,
                    -0.7265484929084778,
                    -1.4644054174423218
                ],
                [
                    -1.0,
                    3.0034755127417156e-08,
                    -3.175844298652919e-08,
                    -6.401119634347197e-08
                ],
                [
                    0.0,
                    0.7265484929084778,
                    0.6871150732040405,
                    1.3849248886108398
                ],
                [
                    0.0,
                    0.0,
                    0.0,
                    1.0
                ]
            ]
        },
        {
            "file_path": "./train/r_6",
            "rotation": 0.15707963267948966,
            "transform_matrix": [
                [
                    0.3090170621871948,
                    0.6284283399581909,
                    -0.7138530611991882,
                    -1.438817024230957
                ],
                [
                    -0.9510565400123596,
                    0.2041887789964676,
                    -0.2319449633359909,
                    -0.46750006079673767
                ],
                [
                    0.0,
                    0.7505896687507629,
                    0.6607685685157776,
                    1.3318217992782593
                ],
                [
                    0.0,
                    0.0,
                    0.0,
                    1.0
                ]
            ]
        },
        {
            "file_path": "./train/r_7",
            "rotation": 0.15707963267948966,
            "transform_matrix": [
                [
                    0.5877851843833923,
                    0.5087543725967407,
                    -0.629028856754303,
                    -1.2678483724594116
                ],
                [
                    -0.80901700258255,
                    0.36963170766830444,
                    -0.4570161998271942,
                    -0.9211456775665283
                ],
                [
                    1.4901161193847656e-08,
                    0.7775224447250366,
                    0.6288550496101379,
                    1.2674980163574219
                ],
                [
                    0.0,
                    0.0,
                    0.0,
                    1.0
                ]
            ]
        },
        {
            "file_path": "./train/r_8",
            "rotation": 0.15707963267948966,
            "transform_matrix": [
                [
                    0.8090169429779053,
                    0.34783318638801575,
                    -0.47381821274757385,
                    -0.9550111889839172
                ],
                [
                    -0.5877853631973267,
                    0.47875112295150757,
                    -0.6521545648574829,
                    -1.3144596815109253
                ],
                [
                    -1.4901161193847656e-08,
                    0.8061074614524841,
                    0.5917689800262451,
                    1.1927486658096313
                ],
                [
                    0.0,
                    0.0,
                    0.0,
                    1.0
                ]
            ]
        },
        {
            "file_path": "./train/r_9",
            "rotation": 0.15707963267948966,
            "transform_matrix": [
                [
                    0.9510564804077148,
                    0.16999734938144684,
                    -0.25805532932281494,
                    -0.5201271772384644
                ],
                [
                    -0.30901724100112915,
                    0.5231976509094238,
                    -0.7942119240760803,
                    -1.6007853746414185
                ],
                [
                    1.4901161193847656e-08,
                    0.8350839614868164,
                    0.5501224994659424,
                    1.1088073253631592
                ],
                [
                    0.0,
                    0.0,
                    0.0,
                    1.0
                ]
            ]
        },
        {
            "file_path": "./train/r_10",
            "rotation": 0.15707963267948966,
            "transform_matrix": [
                [
                    1.0,
                    1.9656184235827823e-07,
                    -3.3616512951084587e-07,
                    -6.775624683541537e-07
                ],
                [
                    -3.8941436741879443e-07,
                    0.5047626495361328,
                    -0.8632581233978271,
                    -1.7399524450302124
                ],
                [
                    0.0,
                    0.8632580637931824,
                    0.5047627091407776,
                    1.0173817873001099
                ],
                [
                    0.0,
                    0.0,
                    0.0,
                    1.0
                ]
            ]
        },
        {
            "file_path": "./train/r_11",
            "rotation": 0.15707963267948966,
            "transform_matrix": [
                [
                    0.9510566592216492,
                    -0.14114785194396973,
                    0.2748972475528717,
                    0.5540730953216553
                ],
                [
                    0.30901652574539185,
                    0.43440917134284973,
                    -0.84604811668396,
                    -1.7052645683288574
                ],
                [
                    -7.450580596923828e-09,
                    0.8895875811576843,
                    0.45676475763320923,
                    0.9206387996673584
                ],
                [
                    0.0,
                    0.0,
                    0.0,
                    1.0
                ]
            ]
        },
        {
            "file_path": "./train/r_12",
            "rotation": 0.15707963267948966,
            "transform_matrix": [
                [
                    0.8090173602104187,
                    -0.2394622564315796,
                    0.536794900894165,
                    1.0819447040557861
                ],
                [
                    0.5877848267555237,
                    0.32959190011024475,
                    -0.7388356924057007,
                    -1.489171028137207
                ],
                [
                    1.4901162970204496e-08,
                    0.913250744342804,
                    0.4073978364467621,
                    0.8211365938186646
                ],
                [
                    0.0,
                    0.0,
                    0.0,
                    1.0
                ]
            ]
        },
        {
            "file_path": "./train/r_13",
            "rotation": 0.15707963267948966,
            "transform_matrix": [
                [
                    0.5877858996391296,
                    -0.2896837890148163,
                    0.7553747892379761,
                    1.522506594657898
                ],
                [
                    0.8090166449546814,
                    0.21046791970729828,
                    -0.548812747001648,
                    -1.1061674356460571
                ],
                [
                    0.0,
                    0.9336950182914734,
                    0.3580690920352936,
                    0.7217113375663757
                ],
                [
                    0.0,
                    0.0,
                    0.0,
                    1.0
                ]
            ]
        },
        {
            "file_path": "./train/r_14",
            "rotation": 0.15707963267948966,
            "transform_matrix": [
                [
                    0.30901750922203064,
                    -0.29506734013557434,
                    0.9041258096694946,
                    1.8223236799240112
                ],
                [
                    0.9510563015937805,
                    0.0958733856678009,
                    -0.29376888275146484,
                    -0.5921100378036499
                ],
                [
                    0.0,
                    0.9506542682647705,
                    0.31025224924087524,
                    0.625333309173584
                ],
                [
                    0.0,
                    0.0,
                    0.0,
                    1.0
                ]
            ]
        },
        {
            "file_path": "./train/r_15",
            "rotation": 0.15707963267948966,
            "transform_matrix": [
                [
                    4.649122615774104e-07,
                    -0.2654109597206116,
                    0.9641353487968445,
                    1.9432770013809204
                ],
                [
                    1.0,
                    1.2339280885953485e-07,
                    -4.4823835310126015e-07,
                    -9.034533263729827e-07
                ],
                [
                    0.0,
                    0.9641353487968445,
                    0.2654109597206116,
                    0.5349528789520264
                ],
                [
                    0.0,
                    0.0,
                    0.0,
                    1.0
                ]
            ]
        },
        {
            "file_path": "./train/r_16",
            "rotation": 0.15707963267948966,
            "transform_matrix": [
                [
                    -0.30901670455932617,
                    -0.21391786634922028,
                    0.9266864061355591,
                    1.8677963018417358
                ],
                [
                    0.951056718826294,
                    -0.06950605660676956,
                    0.3010983169078827,
                    0.6068831086158752
                ],
                [
                    7.450581485102248e-09,
                    0.9743757247924805,
                    0.22492650151252747,
                    0.4533538818359375
                ],
                [
                    0.0,
                    0.0,
                    0.0,
                    1.0
                ]
            ]
        },
        {
            "file_path": "./train/r_17",
            "rotation": 0.15707963267948966,
            "transform_matrix": [
                [
                    -0.5877851247787476,
                    -0.15374255180358887,
                    0.7942744493484497,
                    1.6009113788604736
                ],
                [
                    0.8090171813964844,
                    -0.11170046776533127,
                    0.5770739316940308,
                    1.1631296873092651
                ],
                [
                    7.450581485102248e-09,
                    0.9817770719528198,
                    0.19003622233867645,
                    0.3830302655696869
                ],
                [
                    0.0,
                    0.0,
                    0.0,
                    1.0
                ]
            ]
        },
        {
            "file_path": "./train/r_18",
            "rotation": 0.15707963267948966,
            "transform_matrix": [
                [
                    -0.8090169429779053,
                    -0.09509687125682831,
                    0.5800414681434631,
                    1.1691111326217651
                ],
                [
                    0.5877853631973267,
                    -0.13088959455490112,
                    0.7983584403991699,
                    1.6091430187225342
                ],
                [
                    7.450581485102248e-09,
                    0.9868254065513611,
                    0.1617884337902069,
                    0.3260950446128845
                ],
                [
                    0.0,
                    0.0,
                    0.0,
                    1.0
                ]
            ]
        },
        {
            "file_path": "./train/r_19",
            "rotation": 0.15707963267948966,
            "transform_matrix": [
                [
                    -0.9510565400123596,
                    -0.04357560724020004,
                    0.3059290945529938,
                    0.616619884967804
                ],
                [
                    0.3090169429779053,
                    -0.13411195576190948,
                    0.9415531754493713,
                    1.8977612257003784
                ],
                [
                    0.0,
                    0.9900076985359192,
                    0.14101362228393555,
                    0.2842220664024353
                ],
                [
                    0.0,
                    0.0,
                    0.0,
                    1.0
                ]
            ]
        },
        {
            "file_path": "./train/r_20",
            "rotation": 0.15707963267948966,
            "transform_matrix": [
                [
                    -0.9999999403953552,
                    2.2434322843878363e-08,
                    -1.7340030922241567e-07,
                    -3.494995155506331e-07
                ],
                [
                    -1.74845538936097e-07,
                    -0.12830936908721924,
                    0.9917341470718384,
                    1.9989041090011597
                ],
                [
                    -1.7763568394002505e-15,
                    0.9917340874671936,
                    0.12830938398838043,
                    0.2586158215999603
                ],
                [
                    0.0,
                    0.0,
                    0.0,
                    1.0
                ]
            ]
        },
        {
            "file_path": "./train/r_21",
            "rotation": 0.15707963267948966,
            "transform_matrix": [
                [
                    -0.9510564804077148,
                    0.038328878581523895,
                    -0.3066309690475464,
                    -0.6180345416069031
                ],
                [
                    -0.3090173006057739,
                    -0.11796402931213379,
                    0.9437121748924255,
                    1.9021128416061401
                ],
                [
                    3.725290742551124e-09,
                    0.9922778606414795,
                    0.12403472512960434,
                    0.25
                ],
                [
                    0.0,
                    0.0,
                    0.0,
                    1.0
                ]
            ]
        },
        {
            "file_path": "./train/r_22",
            "rotation": 0.15707963267948966,
            "transform_matrix": [
                [
                    -0.8090168237686157,
                    0.07541840523481369,
                    -0.5829270482063293,
                    -1.174926996231079
                ],
                [
                    -0.5877856016159058,
                    -0.10380443930625916,
                    0.8023295402526855,
                    1.6171469688415527
                ],
                [
                    0.0,
                    0.9917340874671936,
                    0.12830938398838043,
                    0.2586158215999603
                ],
                [
                    0.0,
                    0.0,
                    0.0,
                    1.0
                ]
            ]
        },
        {
            "file_path": "./train/r_23",
            "rotation": 0.15707963267948966,
            "transform_matrix": [
                [
                    -0.5877847671508789,
                    0.11408247798681259,
                    -0.8009333610534668,
                    -1.6143327951431274
                ],
                [
                    -0.8090173006057739,
                    -0.08288566768169403,
                    0.5819114446640015,
                    1.1728800535202026
                ],
                [
                    7.450580152834618e-09,
                    0.9900076985359192,
                    0.14101363718509674,
                    0.2842220664024353
                ],
                [
                    0.0,
                    0.0,
                    0.0,
                    1.0
                ]
            ]
        },
        {
            "file_path": "./train/r_24",
            "rotation": 0.15707963267948966,
            "transform_matrix": [
                [
                    -0.30901631712913513,
                    0.15386998653411865,
                    -0.93852698802948,
                    -1.8916616439819336
                ],
                [
                    -0.9510568380355835,
                    -0.049995265901088715,
                    0.304945170879364,
                    0.6146366596221924
                ],
                [
                    3.725290742551124e-09,
                    0.9868254065513611,
                    0.1617884486913681,
                    0.3260950446128845
                ],
                [
                    0.0,
                    0.0,
                    0.0,
                    1.0
                ]
            ]
        },
        {
            "file_path": "./train/r_25",
            "rotation": 0.15707963267948966,
            "transform_matrix": [
                [
                    8.146033678713138e-07,
                    0.19003622233867645,
                    -0.9817770719528198,
                    -1.9788349866867065
                ],
                [
                    -1.0,
                    1.548041410615042e-07,
                    -7.997589364094893e-07,
                    -1.6119656720547937e-06
                ],
                [
                    0.0,
                    0.981777012348175,
                    0.19003622233867645,
                    0.3830302655696869
                ],
                [
                    0.0,
                    0.0,
                    0.0,
                    1.0
                ]
            ]
        },
        {
            "file_path": "./train/r_26",
            "rotation": 0.15707963267948966,
            "transform_matrix": [
                [
                    0.30901747941970825,
                    0.2139178067445755,
                    -0.9266862273216248,
                    -1.8677958250045776
                ],
                [
                    -0.9510564804077148,
                    0.0695062130689621,
                    -0.30109909176826477,
                    -0.6068846583366394
                ],
                [
                    -7.450581485102248e-09,
                    0.9743757247924805,
                    0.22492651641368866,
                    0.4533538818359375
                ],
                [
                    0.0,
                    0.0,
                    0.0,
                    1.0
                ]
            ]
        },
        {
            "file_path": "./train/r_27",
            "rotation": 0.15707963267948966,
            "transform_matrix": [
                [
                    0.5877856612205505,
                    0.2147218883037567,
                    -0.7800015211105347,
                    -1.5721434354782104
                ],
                [
                    -0.8090165257453918,
                    0.15600477159023285,
                    -0.5667049884796143,
                    -1.14223051071167
                ],
                [
                    -7.4505792646561986e-09,
                    0.9641353487968445,
                    0.2654109299182892,
                    0.5349528789520264
                ],
                [
                    0.0,
                    0.0,
                    0.0,
                    1.0
                ]
            ]
        },
        {
            "file_path": "./train/r_28",
            "rotation": 0.15707963267948966,
            "transform_matrix": [
                [
                    0.8090174794197083,
                    0.18236148357391357,
                    -0.5587798953056335,
                    -1.126257061958313
                ],
                [
                    -0.5877845883369446,
                    0.25099948048591614,
                    -0.7690958380699158,
                    -1.5501623153686523
                ],
                [
                    1.4901160305669237e-08,
                    0.9506543278694153,
                    0.3102521598339081,
                    0.625333309173584
                ],
                [
                    0.0,
                    0.0,
                    0.0,
                    1.0
                ]
            ]
        },
        {
            "file_path": "./train/r_29",
            "rotation": 0.15707963267948966,
            "transform_matrix": [
                [
                    0.9510567784309387,
                    0.11064913123846054,
                    -0.28852686285972595,
                    -0.5815445780754089
                ],
                [
                    -0.3090161681175232,
                    0.3405439853668213,
                    -0.8879969716072083,
                    -1.7898153066635132
                ],
                [
                    0.0,
                    0.9336950182914734,
                    0.3580690622329712,
                    0.7217113375663757
                ],
                [
                    0.0,
                    0.0,
                    0.0,
                    1.0
                ]
            ]
        },
        {
            "file_path": "./train/r_30",
            "rotation": 0.15707963267948966,
            "transform_matrix": [
                [
                    0.9999999403953552,
                    -3.982411840297573e-07,
                    8.927245858103561e-07,
                    1.799343976927048e-06
                ],
                [
                    9.775239959708415e-07,
                    0.4073978066444397,
                    -0.913250744342804,
                    -1.840715765953064
                ],
                [
                    2.842170943040401e-14,
                    0.913250744342804,
                    0.4073978364467621,
                    0.8211365938186646
                ],
                [
                    0.0,
                    0.0,
                    0.0,
                    1.0
                ]
            ]
        },
        {
            "file_path": "./train/r_31",
            "rotation": 0.15707963267948966,
            "transform_matrix": [
                [
                    0.951056182384491,
                    -0.14114855229854584,
                    0.27489861845970154,
                    0.5540758371353149
                ],
                [
                    0.3090180456638336,
                    0.43440893292427063,
                    -0.8460477590560913,
                    -1.705263614654541
                ],
                [
                    7.4505797087454084e-09,
                    0.8895875811576843,
                    0.456764817237854,
                    0.9206387996673584
                ],
                [
                    0.0,
                    0.0,
                    0.0,
                    1.0
                ]
            ]
        },
        {
            "file_path": "./train/r_32",
            "rotation": 0.15707963267948966,
            "transform_matrix": [
                [
                    0.8090163469314575,
                    -0.29669252038002014,
                    0.5074111819267273,
                    1.0227200984954834
                ],
                [
                    0.5877861976623535,
                    0.4083612561225891,
                    -0.6983898282051086,
                    -1.4076498746871948
                ],
                [
                    -2.9802322387695312e-08,
                    0.8632580637931824,
                    0.5047626495361328,
                    1.0173817873001099
                ],
                [
                    0.0,
                    0.0,
                    0.0,
                    1.0
                ]
            ]
        },
        {
            "file_path": "./train/r_33",
            "rotation": 0.15707963267948966,
            "transform_matrix": [
                [
                    0.5877841711044312,
                    -0.4450588822364807,
                    0.6755977869033813,
                    1.3617109060287476
                ],
                [
                    0.8090178966522217,
                    0.32335326075553894,
                    -0.490849107503891,
                    -0.9893380403518677
                ],
                [
                    1.4901162970204496e-08,
                    0.8350839614868164,
                    0.5501224994659424,
                    1.1088073253631592
                ],
                [
                    0.0,
                    0.0,
                    0.0,
                    1.0
                ]
            ]
        },
        {
            "file_path": "./train/r_34",
            "rotation": 0.15707963267948966,
            "transform_matrix": [
                [
                    0.30901557207107544,
                    -0.5628060102462769,
                    0.7666540741920471,
                    1.545240879058838
                ],
                [
                    0.951056957244873,
                    0.18286585807800293,
                    -0.24909977614879608,
                    -0.5020766854286194
                ],
                [
                    0.0,
                    0.8061074614524841,
                    0.5917689800262451,
                    1.1927486658096313
                ],
                [
                    0.0,
                    0.0,
                    0.0,
                    1.0
                ]
            ]
        },
        {
            "file_path": "./train/r_35",
            "rotation": 0.15707963267948966,
            "transform_matrix": [
                [
                    -1.617281895960332e-06,
                    -0.6288551092147827,
                    0.7775223851203918,
                    1.5671466588974
                ],
                [
                    1.0,
                    -1.0170359701078269e-06,
                    1.257472945326299e-06,
                    2.534517989261076e-06
                ],
                [
                    -5.684341886080802e-14,
                    0.7775224447250366,
                    0.6288550496101379,
                    1.2674980163574219
                ],
                [
                    0.0,
                    0.0,
                    0.0,
                    1.0
                ]
            ]
        },
        {
            "file_path": "./train/r_36",
            "rotation": 0.15707963267948966,
            "transform_matrix": [
                [
                    -0.30901864171028137,
                    -0.6284279823303223,
                    0.7138527035713196,
                    1.4388161897659302
                ],
                [
                    0.9510559439659119,
                    -0.20418985188007355,
                    0.23194620013237,
                    0.46750253438949585
                ],
                [
                    -1.4901160305669237e-08,
                    0.7505896687507629,
                    0.6607686281204224,
                    1.3318217992782593
                ],
                [
                    0.0,
                    0.0,
                    0.0,
                    1.0
                ]
            ]
        },
        {
            "file_path": "./train/r_37",
            "rotation": 0.15707963267948966,
            "transform_matrix": [
                [
                    -0.5877867937088013,
                    -0.5558870434761047,
                    0.5877892971038818,
                    1.1847271919250488
                ],
                [
                    0.8090158700942993,
                    -0.4038771986961365,
                    0.42705562710762024,
                    0.8607581257820129
                ],
                [
                    0.0,
                    0.7265485525131226,
                    0.6871151328086853,
                    1.3849248886108398
                ],
                [
                    0.0,
                    0.0,
                    0.0,
                    1.0
                ]
            ]
        },
        {
            "file_path": "./train/r_38",
            "rotation": 0.15707963267948966,
            "transform_matrix": [
                [
                    -0.8090182542800903,
                    -0.4159619212150574,
                    0.41528937220573425,
                    0.837042510509491
                ],
                [
                    0.5877836346626282,
                    -0.572524905204773,
                    0.5715991854667664,
                    1.1520949602127075
                ],
                [
                    1.4901162970204496e-08,
                    0.7065344452857971,
                    0.7076786160469055,
                    1.4263719320297241
                ],
                [
                    0.0,
                    0.0,
                    0.0,
                    1.0
                ]
            ]
        },
        {
            "file_path": "./train/r_39",
            "rotation": 0.15707963267948966,
            "transform_matrix": [
                [
                    -0.9510571956634521,
                    -0.22322337329387665,
                    0.21368564665317535,
                    0.4306972026824951
                ],
                [
                    0.3090149164199829,
                    -0.6870160102844238,
                    0.6576616168022156,
                    1.325559377670288
                ],
                [
                    1.4901161193847656e-08,
                    0.6915058493614197,
                    0.7223708629608154,
                    1.4559850692749023
                ],
                [
                    0.0,
                    0.0,
                    0.0,
                    1.0
                ]
            ]
        }
    ]
}
