{
  "keyframes": [
    {
      "matrix": "[0.3946251357364974,-0.9188422074790379,0,0,0.32916869242873786,0.14137165105452487,0.9336284208414356,0,-0.8578571991711127,-0.3684332423020033,0.35824289497089445,0,-0.9090133992110425,-0.3904038464459958,0.37960581435576407,1]",
      "fov": 50,
      "aspect": 1,
      "properties": "[[\"FOV\",50],[\"NAME\",\"Camera 0\"],[\"TIME\",0]]"
    },
    {
      "matrix": "[-0.11797680168237124,-0.9930163514589266,-1.1102230246251565e-16,0,0.3663007408808362,-0.043518910639802844,0.9294782792765388,0,-0.9229871296475097,0.10965687462227991,0.3688768471361745,0,-0.9780271921873889,0.11619599347563805,0.39087389598715705,1]",
      "fov": 50,
      "aspect": 1,
      "properties": "[[\"FOV\",50],[\"NAME\",\"Camera 1\"],[\"TIME\",0.09090909090909093]]"
    },
    {
      "matrix": "[-0.5524056828142421,-0.8335754084631644,5.551115123125783e-17,0,0.4992336723381372,-0.33083931561783464,0.8008190105418955,0,-0.6675430338175277,0.4423769723290214,0.5989064303834944,0,-0.7073503184701811,0.4687570326240477,0.6346207254198399,1]",
      "fov": 50,
      "aspect": 1,
      "properties": "[[\"FOV\",50],[\"NAME\",\"Camera 2\"],[\"TIME\",0.18181818181818185]]"
    },
    {
      "matrix": "[-0.920889467407922,-0.3898237920101262,-2.7755575615628914e-17,0,0.25066510196270286,-0.5921517797923161,0.7658480765444413,0,-0.29854580130221553,0.7052614273243918,0.6430215576893046,0,-0.21698453311030877,0.5125874069060413,0.4673511572474023,1]",
      "fov": 50,
      "aspect": 1,
      "properties": "[[\"FOV\",50],[\"NAME\",\"Camera 3\"],[\"TIME\",0.27272727272727276]]"
    },
    {
      "matrix": "[-0.9444710988642673,0.32859449692610987,-2.7755575615628914e-17,0,-0.2287327103467326,-0.6574408162896259,0.7179504998910913,0,0.23591458332956225,0.6780834975622891,0.6960941600862143,0,0.17146384874963624,0.4928343566483204,0.5059245803017212,1]",
      "fov": 50,
      "aspect": 1,
      "properties": "[[\"FOV\",50],[\"NAME\",\"Camera 4\"],[\"TIME\",0.3636363636363637]]"
    },
    {
      "matrix": "[-0.3745188151736707,0.927219314445568,-5.551115123125783e-17,0,-0.8061896989060835,-0.3256330041184119,0.49398513743485867,0,0.4580325604786495,0.1850067283855063,0.8694703468166489,0,0.3329002634845587,0.13446378787823715,0.631935227190456,1]",
      "fov": 50,
      "aspect": 1,
      "properties": "[[\"FOV\",50],[\"NAME\",\"Camera 5\"],[\"TIME\",0.45454545454545453]]"
    },
    {
      "matrix": "[0.43860133682531255,0.8986817386233286,2.7755575615628914e-17,0,-0.8563306141803388,0.4179318840052235,0.3033658180305885,0,0.2726293207866176,-0.13305665333532063,0.9528741682145822,0,0.19814829769855052,-0.0967062067918658,0.6925535254796608,1]",
      "fov": 50,
      "aspect": 1,
      "properties": "[[\"FOV\",50],[\"NAME\",\"Camera 6\"],[\"TIME\",0.5454545454545454]]"
    },
    {
      "matrix": "[0.9371063297610644,0.34904401831537984,1.3877787807814457e-17,0,-0.3193343380436641,0.8573423802965408,0.4037197338422739,0,0.14091595817352293,-0.3783283180330471,0.9148827118851485,0,0.10241839292336394,-0.2749708311226283,0.6649411524862632,1]",
      "fov": 50,
      "aspect": 1,
      "properties": "[[\"FOV\",50],[\"NAME\",\"Camera 7\"],[\"TIME\",0.6363636363636364]]"
    },
    {
      "matrix": "[0.9228408895519546,-0.3851813761995211,0,0,0.36310232580970825,0.8699425622671926,0.33370142245362444,0,-0.12853557314042485,-0.3079533175418554,0.942678821578393,0,-0.09342027417112399,-0.2238219427650006,0.6851434985118813,1]",
      "fov": 50,
      "aspect": 1,
      "properties": "[[\"FOV\",50],[\"NAME\",\"Camera 8\"],[\"TIME\",0.7272727272727272]]"
    },
    {
      "matrix": "[0.11008061000874914,-0.993922662635329,0,0,0.9009840708579218,0.0997873173202769,0.4222205529842315,0,-0.4196545762414483,-0.046478296030735666,0.9064931354608758,0,-0.30500696418565837,-0.03378064098224318,0.6588435680025234,1]",
      "fov": 50,
      "aspect": 1,
      "properties": "[[\"FOV\",50],[\"NAME\",\"Camera 9\"],[\"TIME\",0.8181818181818181]]"
    },
    {
      "matrix": "[-0.4768720299331304,-0.8789727339727074,-2.7755575615628914e-17,0,0.7317385954318436,-0.3969925981740816,0.5540356531401432,0,-0.48698223275894625,0.26420410656826776,0.832492939939778,0,-0.39994208282616395,0.21698192906722855,0.683698371417832,1]",
      "fov": 50,
      "aspect": 1,
      "properties": "[[\"FOV\",50],[\"NAME\",\"Camera 10\"],[\"TIME\",0.9090909090909091]]"
    },
    {
      "matrix": "[-0.8586830689711074,-0.5125069629403691,-2.7755575615628914e-17,0,0.34097688046162555,-0.5712918952030894,0.7465656953449714,0,-0.3826201171567162,0.6410633224673686,0.6653117032895779,0,-0.31423299716226866,0.5264836925408132,0.546398060373335,1]",
      "fov": 50,
      "aspect": 1,
      "properties": "[[\"FOV\",50],[\"NAME\",\"Camera 11\"],[\"TIME\",1]]"
    }
  ],
  "camera_type": "perspective",
  "render_height": 1080,
  "render_width": 1920,
  "camera_path": [
    {
      "camera_to_world": [
        0.3946251357364975,
        0.3291686924287378,
        -0.8578571991711127,
        -0.9090133992110425,
        -0.9188422074790377,
        0.14137165105452504,
        -0.36843324230200336,
        -0.3904038464459958,
        -5.5511151231257815e-17,
        0.9336284208414356,
        0.35824289497089457,
        0.37960581435576407,
        0,
        0,
        0,
        1
      ],
      "fov": 50,
      "aspect": 1
    },
    {
      "camera_to_world": [
        0.36370930715077404,
        0.33622624641641247,
        -0.8687159783914613,
        -0.914212632306356,
        -0.9315124983875627,
        0.13135209712532603,
        -0.3391623386057779,
        -0.3569250462669489,
        0.00007238553276485428,
        0.9325762906065695,
        0.3609729310610781,
        0.3798779009094271,
        0,
        0,
        0,
        1
      ],
      "fov": 50,
      "aspect": 1
    },
    {
      "camera_to_world": [
        0.33132474304879933,
        0.34166901960740553,
        -0.8794806397437988,
        -0.9205821053191575,
        -0.9435163657845436,
        0.12085393367175012,
        -0.30849828883284247,
        -0.32291557989309166,
        0.0008843870051059161,
        0.9320174932674702,
        0.3624122102013764,
        0.3793490943643988,
        0,
        0,
        0,
        1
      ],
      "fov": 50,
      "aspect": 1
    },
    {
      "camera_to_world": [
        0.2977426809950543,
        0.3456725487878459,
        -0.8898650374794996,
        -0.9278357596029502,
        -0.9546435994757214,
        0.10997089361438464,
        -0.2766983927269769,
        -0.2885051657276001,
        0.0022122147083839814,
        0.9318888837045797,
        0.3627371149109449,
        0.3782151685892481,
        0,
        0,
        0,
        1
      ],
      "fov": 50,
      "aspect": 1
    },
    {
      "camera_to_world": [
        0.2632465466050761,
        0.348433693172983,
        -0.8996083687707318,
        -0.9356875365112367,
        -0.9647209364111011,
        0.09879158082813493,
        -0.24403634648872752,
        -0.25382352217364984,
        0.003843247401571313,
        0.9321127533830408,
        0.36214782124168127,
        0.37667189745254404,
        0,
        0,
        0,
        1
      ],
      "fov": 50,
      "aspect": 1
    },
    {
      "camera_to_world": [
        0.22812325034302272,
        0.35016886383592805,
        -0.9084831035593286,
        -0.9438513773975201,
        -0.973616271161442,
        0.0873915192351824,
        -0.21079392518632153,
        -0.21900036763441694,
        0.005580249333533435,
        0.9326009270666751,
        0.3608661409051195,
        0.3749150548228556,
        0,
        0,
        0,
        1
      ],
      "fov": 50,
      "aspect": 1
    },
    {
      "camera_to_world": [
        0.19265331533054939,
        0.35111071648503966,
        -0.9163001499844413,
        -0.9520412236153033,
        -0.9812401390392611,
        0.07582657260439478,
        -0.17725157383019816,
        -0.18416542051307716,
        0.007244972764591285,
        0.9332585899183743,
        0.3591321688643442,
        0.3731404145687518,
        0,
        0,
        0,
        1
      ],
      "fov": 50,
      "aspect": 1
    },
    {
      "camera_to_world": [
        0.15710086203452228,
        0.3515037279920933,
        -0.9229108561262407,
        -0.959971016518089,
        -0.9875444095548686,
        0.06412816020377506,
        -0.14367887188381273,
        -0.14944839921280623,
        0.008680916134608224,
        0.9339875311140612,
        0.35720013076498786,
        0.3715437505588016,
        0,
        0,
        0,
        1
      ],
      "fov": 50,
      "aspect": 1
    },
    {
      "camera_to_world": [
        0.12170440050880155,
        0.3515992550601722,
        -0.9282057976213709,
        -0.9673546974593805,
        -0.9925184515989729,
        0.052300452379514195,
        -0.11032581708954411,
        -0.1149790221367801,
        0.009755108014296972,
        0.9346885184498791,
        0.3553339434188624,
        0.37032083666157417,
        0,
        0,
        0,
        1
      ],
      "fov": 50,
      "aspect": 1
    },
    {
      "camera_to_world": [
        0.08666916797490251,
        0.35165072461759794,
        -0.9321106281973488,
        -0.9739062077926801,
        -0.9961832904935877,
        0.040319466532065286,
        -0.07741571132488598,
        -0.08088700768817465,
        0.010358912293602416,
        0.9352625879903932,
        0.35380303057153917,
        0.36966744674563834,
        0,
        0,
        0,
        1
      ],
      "fov": 50,
      "aspect": 1
    },
    {
      "camera_to_world": [
        0.052161453836756556,
        0.3519095344803293,
        -0.934579510943544,
        -0.9793394888714914,
        -0.9985844264664453,
        0.028133755895411273,
        -0.04514017055681475,
        -0.04730207427016564,
        0.010407975418727169,
        0.9356111218455322,
        0.3528788782665064,
        0.3697793546795631,
        0,
        0,
        0,
        1
      ],
      "fov": 50,
      "aspect": 1
    },
    {
      "camera_to_world": [
        0.018305041396949422,
        0.35262208174411974,
        -0.9355867639753672,
        -0.9833684820493166,
        -0.9997840114368102,
        0.015666232763992153,
        -0.013656486601779797,
        -0.014353940285929002,
        0.009841541280518019,
        0.9356346704870592,
        0.35283269044661403,
        0.37085233433191744,
        0,
        0,
        0,
        1
      ],
      "fov": 50,
      "aspect": 1
    },
    {
      "camera_to_world": [
        -0.01482037639775414,
        0.354028130801923,
        -0.9351173397196341,
        -0.9857071286796589,
        -0.9998530028709025,
        0.0028166105245513422,
        0.016912698045912833,
        0.017827675861359416,
        0.008621432216756632,
        0.9352305327062677,
        0.35393434645493566,
        0.3730821595712704,
        0,
        0,
        0,
        1
      ],
      "fov": 50,
      "aspect": 1
    },
    {
      "camera_to_world": [
        -0.04717914274361171,
        0.3563605254755631,
        -0.9331566344257316,
        -0.9860693701160215,
        -0.9988637653184022,
        -0.010536023270241307,
        0.046477634918239676,
        0.04911305576852398,
        0.006731034387235702,
        0.9342891244665268,
        0.3564526968331821,
        0.3766646042661911,
        0,
        0,
        0,
        1
      ],
      "fov": 50,
      "aspect": 1
    },
    {
      "camera_to_world": [
        -0.07877837870535205,
        0.3598460681227493,
        -0.9296799311080958,
        -0.9841691477119068,
        -0.9968834131601281,
        -0.024530901587971304,
        0.07497796632007765,
        0.07937248103238857,
        0.004174639477795225,
        0.9326891454948314,
        0.3606570812577392,
        0.3817954422852482,
        0,
        0,
        0,
        1
      ],
      "fov": 50,
      "aspect": 1
    },
    {
      "camera_to_world": [
        -0.10966596385337389,
        0.3647072400170962,
        -0.9246415551181023,
        -0.9797204028208178,
        -0.9939680180360935,
        -0.039323817685042846,
        0.10237781245989683,
        0.10847623324977756,
        0.000977493483758106,
        0.9302914954151661,
        0.36681981689203147,
        0.3886704474970111,
        0,
        0,
        0,
        1
      ],
      "fov": 50,
      "aspect": 1
    },
    {
      "camera_to_world": [
        -0.13997667054625437,
        0.37126227158478076,
        -0.917916585208315,
        -0.9727109759197988,
        -0.9901509801522288,
        -0.055060266630468965,
        0.12872219521963751,
        0.1366445935261463,
        -0.0027510373254771778,
        0.9268941108542498,
        0.3753128549055356,
        0.3979041050569774,
        0,
        0,
        0,
        1
      ],
      "fov": 50,
      "aspect": 1
    },
    {
      "camera_to_world": [
        -0.16993418702941526,
        0.3796919945766511,
        -0.9093714100042161,
        -0.96377056377529,
        -0.9854329841830358,
        -0.0716994328757863,
        0.15421097564508057,
        0.16467178744857805,
        -0.006648741442464419,
        0.9223302990684493,
        0.3863452001222951,
        0.41043104504685785,
        0,
        0,
        0,
        1
      ],
      "fov": 50,
      "aspect": 1
    },
    {
      "camera_to_world": [
        -0.19961583987367906,
        0.3896453943279834,
        -0.8990717341516838,
        -0.9530339398107507,
        -0.9798189991361578,
        -0.08911466970239083,
        0.1789226217549133,
        0.19247677215791972,
        -0.010404105119793242,
        0.9166433561221202,
        0.3995706599261664,
        0.4257773964299587,
        0,
        0,
        0,
        1
      ],
      "fov": 50,
      "aspect": 1
    },
    {
      "camera_to_world": [
        -0.22906978136410858,
        0.400758576173235,
        -0.8870848882093532,
        -0.9406021593185184,
        -0.9733127609828112,
        -0.10718107845591372,
        0.2029149716729755,
        0.21992927929649964,
        -0.013758799868328165,
        0.9098927299658068,
        0.41461538247097707,
        0.44340126221477827,
        0,
        0,
        0,
        1
      ],
      "fov": 50,
      "aspect": 1
    },
    {
      "camera_to_world": [
        -0.2583209976627005,
        0.41267364656926575,
        -0.873481953788269,
        -0.9265762775909314,
        -0.9659181721480685,
        -0.1257771612988038,
        0.22623481255047645,
        0.24689904050664585,
        -0.016502935517102,
        0.9021532946915615,
        0.4310998561777526,
        0.4627607454098149,
        0,
        0,
        0,
        1
      ],
      "fov": 50,
      "aspect": 1
    },
    {
      "camera_to_world": [
        -0.2873732941500095,
        0.42503731095308755,
        -0.8583471757436733,
        -0.9110573499203272,
        -0.9576404342994312,
        -0.14478679965551794,
        0.2489208332789965,
        0.2732557874306867,
        -0.018476698952172358,
        0.8935211620008121,
        0.44864077462102064,
        0.48331394902356706,
        0,
        0,
        0,
        1
      ],
      "fov": 50,
      "aspect": 1
    },
    {
      "camera_to_world": [
        -0.3162138298003919,
        0.437500257506221,
        -0.8417852092576579,
        -0.8941464315990433,
        -0.9484860203474829,
        -0.1641015576079299,
        0.27100728402765445,
        0.2988692517109502,
        -0.019572507462338493,
        0.8841177543023562,
        0.46685406015048764,
        0.5045189760645331,
        0,
        0,
        0,
        1
      ],
      "fov": 50,
      "aspect": 1
    },
    {
      "camera_to_world": [
        -0.3448195302750438,
        0.4497170381974619,
        -0.8239260143336904,
        -0.875944577919418,
        -0.93846147814231,
        -0.18362298333408617,
        0.29252803974053626,
        0.3236091649897646,
        -0.019736909176691884,
        0.8740922065471081,
        0.48535890727353354,
        0.5258339295412112,
        0,
        0,
        0,
        1
      ],
      "fov": 50,
      "aspect": 1
    },
    {
      "camera_to_world": [
        -0.3731646146147713,
        0.46134610516425617,
        -0.8049272896660793,
        -0.856552844173789,
        -0.9275711553885864,
        -0.2032645648867246,
        0.3135207622351248,
        0.3473452589094581,
        -0.018971612754122485,
        0.8636221904925683,
        0.503782482822027,
        0.5467169124621001,
        0,
        0,
        0,
        1
      ],
      "fov": 50,
      "aspect": 1
    },
    {
      "camera_to_world": [
        -0.40122839533699245,
        0.47204962658864785,
        -0.7849744739880529,
        -0.8360722856544937,
        -0.915814026830009,
        -0.22295302770398148,
        0.3340308603992026,
        0.369947265112359,
        -0.017333292725448316,
        0.8529133000927738,
        0.521764754930944,
        0.566626027835698,
        0,
        0,
        0,
        1
      ],
      "fov": 50,
      "aspect": 1
    },
    {
      "camera_to_world": [
        -0.42900249610878605,
        0.4814926885367076,
        -0.7642785154759515,
        -0.8146039576538702,
        -0.9031798764582215,
        -0.24262872249301387,
        0.35411497254750457,
        0.3912849152407953,
        -0.014932149655786844,
        0.8421971823196166,
        0.5389628345253094,
        0.5850193786705032,
        0,
        0,
        0,
        1
      ],
      "fov": 50,
      "aspect": 1
    },
    {
      "camera_to_world": [
        -0.45649668992175607,
        0.48934148930879123,
        -0.7430717858535165,
        -0.7922489154642562,
        -0.8896451303886348,
        -0.2622449187972069,
        0.37384374348226773,
        0.4112279409370953,
        -0.011929545937264335,
        0.8317286272613806,
        0.5550542104404128,
        0.6013550679750144,
        0,
        0,
        0,
        1
      ],
      "fov": 50,
      "aspect": 1
    },
    {
      "camera_to_world": [
        -0.48374267983509545,
        0.4952601559898225,
        -0.721602659082474,
        -0.7691082143779897,
        -0.8751686511080148,
        -0.2817658655883855,
        0.39330373645187494,
        0.4296460738435871,
        -0.008535327980718321,
        0.8217818292455515,
        0.5697383375709387,
        0.6150911987577296,
        0,
        0,
        0,
        1
      ],
      "fov": 50,
      "aspect": 1
    },
    {
      "camera_to_world": [
        -0.5107952848857464,
        0.49890586683697036,
        -0.7001293544582605,
        -0.7452829096874082,
        -0.85968780411613,
        -0.30116348421166406,
        0.412598394606035,
        0.4464090456025989,
        -0.0050056360710466485,
        0.8126459818476566,
        0.5827361768368104,
        0.6256858740271474,
        0,
        0,
        0,
        1
      ],
      "fov": 50,
      "aspect": 1
    },
    {
      "camera_to_world": [
        -0.5377306023519658,
        0.499922057810221,
        -0.6789136435578432,
        -0.7208740566848495,
        -0.8431151184205659,
        -0.3204125082707969,
        0.43184803071716305,
        0.46138658785645903,
        -0.0016420672542186432,
        0.8046202586676591,
        0.5937874560452773,
        0.6325971967917661,
        0,
        0,
        0,
        1
      ],
      "fov": 50,
      "aspect": 1
    },
    {
      "camera_to_world": [
        -0.56471124996178,
        0.49798032346887156,
        -0.6581161003990422,
        -0.69578978623022,
        -0.8252876211439852,
        -0.3395455706231995,
        0.45123070358372974,
        0.4744136411995896,
        0.001243604883404581,
        0.7979501255767831,
        0.6027222001377501,
        0.6353116795290595,
        0,
        0,
        0,
        1
      ],
      "fov": 50,
      "aspect": 1
    },
    {
      "camera_to_world": [
        -0.5922208255723149,
        0.49324155729033387,
        -0.6371712955871853,
        -0.6687942460247215,
        -0.8057673882035601,
        -0.35892022778202365,
        0.47107874734115734,
        0.4852267799802731,
        0.003661948396612491,
        0.7923944953435167,
        0.6099979949829624,
        0.633867364739648,
        0,
        0,
        0,
        1
      ],
      "fov": 50,
      "aspect": 1
    },
    {
      "camera_to_world": [
        -0.6201200658377893,
        0.4859085552023249,
        -0.6159090679041225,
        -0.6398720358685094,
        -0.7844867145926211,
        -0.37844625910408425,
        0.49128303817432967,
        0.49396565089602146,
        0.005630148578098627,
        0.7878269511455631,
        0.6158709251748088,
        0.6287719990765381,
        0,
        0,
        0,
        1
      ],
      "fov": 50,
      "aspect": 1
    },
    {
      "camera_to_world": [
        -0.6481523954313341,
        0.4761524701961655,
        -0.5942872179533338,
        -0.6092939853022065,
        -0.761477226596867,
        -0.3979429082439156,
        0.5116579669590988,
        0.500836696144505,
        0.007134821018587562,
        0.7841685194551387,
        0.620506911665429,
        0.6205450491578913,
        0,
        0,
        0,
        1
      ],
      "fov": 50,
      "aspect": 1
    },
    {
      "camera_to_world": [
        -0.6760684050104978,
        0.4641596150890807,
        -0.572265116416262,
        -0.5773309238664364,
        -0.7367935743474755,
        -0.41724120824697725,
        0.5320197392398837,
        0.5060463579233946,
        0.008169488774259244,
        0.7813229971407208,
        0.624073420033419,
        0.6097059816018688,
        0,
        0,
        0,
        1
      ],
      "fov": 50,
      "aspect": 1
    },
    {
      "camera_to_world": [
        -0.7036311134166708,
        0.4501314832757371,
        -0.5498044234052697,
        -0.5442536811018224,
        -0.7105117219864789,
        -0.4361901392389604,
        0.5521876993835565,
        0.50980107843036,
        0.0087378001707962,
        0.779178933361703,
        0.6267406486366544,
        0.5967742630266323,
        0,
        0,
        0,
        1
      ],
      "fov": 50,
      "aspect": 1
    },
    {
      "camera_to_world": [
        -0.7306209084346407,
        0.43428324962191367,
        -0.526869193686603,
        -0.5103330865489876,
        -0.6827259024946655,
        -0.4546624434032556,
        0.5719854933662445,
        0.5123072998630722,
        0.008856083840232148,
        0.7776118065310043,
        0.6286823109668371,
        0.5822693600503428,
        0,
        0,
        0,
        1
      ],
      "fov": 50,
      "aspect": 1
    },
    {
      "camera_to_world": [
        -0.7568398326245575,
        0.4168408356988503,
        -0.5034254517271809,
        -0.47583996974855497,
        -0.6535443950261126,
        -0.47255971149116394,
        0.5912419494634498,
        0.5137714644192014,
        0.00855520208905633,
        0.7764863403623222,
        0.630076004739066,
        0.5667107392911619,
        0,
        0,
        0,
        1
      ],
      "fov": 50,
      "aspect": 1
    },
    {
      "camera_to_world": [
        -0.7821149105683833,
        0.39803673164032205,
        -0.4794403267683061,
        -0.441045160241148,
        -0.6230843807265329,
        -0.4898164093650536,
        0.6097915542309186,
        0.5144000142964184,
        0.007881697865487342,
        0.775658846002427,
        0.6311031876459987,
        0.5506178673672508,
        0,
        0,
        0,
        1
      ],
      "fov": 50,
      "aspect": 1
    },
    {
      "camera_to_world": [
        -0.8063002823192921,
        0.378104841980131,
        -0.4548808450605611,
        -0.40621948756739007,
        -0.5914662024437274,
        -0.506402604049966,
        0.6274744090225587,
        0.514399391692393,
        0.006898267798933405,
        0.7749794391353836,
        0.6319487976242858,
        0.534510210896771,
        0,
        0,
        0,
        1
      ],
      "fov": 50,
      "aspect": 1
    },
    {
      "camera_to_world": [
        -0.8292780008006589,
        0.35727465521509155,
        -0.4297124830965467,
        -0.371633781267904,
        -0.5588073851983638,
        -0.5223252592934394,
        0.6441355678363125,
        0.5139760388047963,
        0.005683628755464298,
        0.7742939650061719,
        0.6328005626729415,
        0.5189072364978837,
        0,
        0,
        0,
        1
      ],
      "fov": 50,
      "aspect": 1
    },
    {
      "camera_to_world": [
        -0.8509574513997022,
        0.335765023718158,
        -0.4038975919151638,
        -0.3375588708833135,
        -0.5252167655204445,
        -0.5376280801539399,
        0.6596236780515321,
        0.5133363978312984,
        0.004331872985882279,
        0.7734454707848082,
        0.6338480406208579,
        0.5043284107887505,
        0,
        0,
        0,
        1
      ],
      "fov": 50,
      "aspect": 1
    },
    {
      "camera_to_world": [
        -0.8712734436412181,
        0.31377778651311994,
        -0.3773938090330847,
        -0.30426558595424147,
        -0.4907890336034624,
        -0.5523899746056279,
        0.6737888693424471,
        0.5126869109695698,
        0.002951423411343996,
        0.7722750913023938,
        0.635281412016538,
        0.49129320038753255,
        0,
        0,
        0,
        1
      ],
      "fov": 50,
      "aspect": 1
    },
    {
      "camera_to_world": [
        -0.8901830947999776,
        0.2914913829201625,
        -0.3501525830486268,
        -0.27202475602131093,
        -0.4555999229823365,
        -0.5667222513428389,
        0.6864798613298086,
        0.5122340204172809,
        0.001663703947039158,
        0.7706222573454492,
        0.6372900192008196,
        0.48032107191239126,
        0,
        0,
        0,
        1
      ],
      "fov": 50,
      "aspect": 1
    },
    {
      "camera_to_world": [
        -0.9076616662334892,
        0.2690545045895851,
        -0.32211794922093256,
        -0.24110721062514542,
        -0.41970220119941987,
        -0.5807646764641835,
        0.6975402876392259,
        0.5121841683721023,
        0.0006016299594474307,
        0.7683241920774753,
        0.6400606017479022,
        0.47193149198148787,
        0,
        0,
        0,
        1
      ],
      "fov": 50,
      "aspect": 1
    },
    {
      "camera_to_world": [
        -0.923715801912586,
        0.24654562218377563,
        -0.29319681696601546,
        -0.21175195955690804,
        -0.38307846366022336,
        -0.5946730328174155,
        0.7068344040293032,
        0.5127454760438012,
        -0.00008931243529025633,
        0.7652314945307416,
        0.6437551955530431,
        0.46660798568959533,
        0,
        0,
        0,
        1
      ],
      "fov": 50,
      "aspect": 1
    },
    {
      "camera_to_world": [
        -0.9389455711018084,
        0.22270884117883663,
        -0.262263200943401,
        -0.18294238508016386,
        -0.34406565321721294,
        -0.6082134129007977,
        0.7153287849959459,
        0.5140883159405758,
        -0.0002019517557613205,
        0.7618905541010096,
        0.6477057532453643,
        0.46331518116218245,
        0,
        0,
        0,
        1
      ],
      "fov": 50,
      "aspect": 1
    },
    {
      "camera_to_world": [
        -0.9532961351063074,
        0.19696412980839081,
        -0.2289794976852745,
        -0.1541579445519679,
        -0.30203708634626225,
        -0.6209643306074811,
        0.7233096837348879,
        0.5160639513218536,
        0.00027796193585080675,
        0.758688626303325,
        0.6514533682890403,
        0.4612946330960226,
        0,
        0,
        0,
        1
      ],
      "fov": 50,
      "aspect": 1
    },
    {
      "camera_to_world": [
        -0.9663180087609444,
        0.1694712571839078,
        -0.1936724010611461,
        -0.12550398199576035,
        -0.25734781619323527,
        -0.6326264262871512,
        0.7304491127133501,
        0.518440771818624,
        0.0012678504866366904,
        0.7556873015683494,
        0.654931366483153,
        0.46044663020411647,
        0,
        0,
        0,
        1
      ],
      "fov": 50,
      "aspect": 1
    },
    {
      "camera_to_world": [
        -0.9776091923209749,
        0.14043308761530118,
        -0.15671252340628203,
        -0.09708584143498274,
        -0.21041191541254783,
        -0.6429457090714068,
        0.7364425578679499,
        0.5209871670618761,
        0.002663257770884886,
        0.7529271964071287,
        0.6580984303039683,
        0.4606714611994646,
        0,
        0,
        0,
        1
      ],
      "fov": 50,
      "aspect": 1
    },
    {
      "camera_to_world": [
        -0.9868315751841543,
        0.11008465604770194,
        -0.11851080424341187,
        -0.06900886689307528,
        -0.16169299169435672,
        -0.6517267435982104,
        0.7410179674716404,
        0.5234715266825993,
        0.004338047543518923,
        0.7504222945660207,
        0.6609444463506585,
        0.46186941479506766,
        0,
        0,
        0,
        1
      ],
      "fov": 50,
      "aspect": 1
    },
    {
      "camera_to_world": [
        -0.9937242880577659,
        0.07867722040372518,
        -0.07951059246182204,
        -0.041378402393478474,
        -0.11168822770818361,
        -0.6588424793045226,
        0.7439437661915549,
        0.5256622403117832,
        0.006146471792112043,
        0.7481553865698043,
        0.6634950929969983,
        0.46394077970392616,
        0,
        0,
        0,
        1
      ],
      "fov": 50,
      "aspect": 1
    },
    {
      "camera_to_world": [
        -0.9981119356017111,
        0.04645890580981698,
        -0.04017628753830267,
        -0.014299791959633353,
        -0.0609075468521617,
        -0.6642390795349107,
        0.7450347078861937,
        0.5273276975804169,
        0.007926837065157113,
        0.7460750734943293,
        0.6658146513592003,
        0.46678584463904066,
        0,
        0,
        0,
        1
      ],
      "fov": 50,
      "aspect": 1
    },
    {
      "camera_to_world": [
        -0.9999062970390988,
        0.013654190949047133,
        -0.000979903609890854,
        0.012121620385019957,
        -0.00985023226135969,
        -0.6679348141795284,
        0.7441545920918289,
        0.5282362881194896,
        0.009506317160445815,
        0.7440945148813327,
        0.6680067236619398,
        0.4703048983134118,
        0,
        0,
        0,
        1
      ],
      "fov": 50,
      "aspect": 1
    },
    {
      "camera_to_world": [
        -0.9991010305793866,
        -0.01955530770904597,
        0.03761277224045134,
        0.037780490617039905,
        0.041018345494917695,
        -0.670013015622654,
        0.7412152549894644,
        0.528156401559991,
        0.010706354564794907,
        0.7420917388279172,
        0.6702128207780655,
        0.4743982294400402,
        0,
        0,
        0,
        1
      ],
      "fov": 50,
      "aspect": 1
    },
    {
      "camera_to_world": [
        -0.9957599259606282,
        -0.05304659258305934,
        0.07515469956171365,
        0.06257147471298671,
        0.0912874067658276,
        -0.6706100211947402,
        0.7361717251016643,
        0.5268564275329103,
        0.011348093093329183,
        0.7399109801107946,
        0.6726090709280008,
        0.4789661267319264,
        0,
        0,
        0,
        1
      ],
      "fov": 50,
      "aspect": 1
    },
    {
      "camera_to_world": [
        -0.9900000684652774,
        -0.08676612801682858,
        0.11122726045225428,
        0.08638922864941932,
        0.140616981580446,
        -0.6698996938645772,
        0.7290138988053315,
        0.5241047556692366,
        0.011257394456570024,
        0.7373642513636751,
        0.6754015338159487,
        0.48390887890207085,
        0,
        0,
        0,
        1
      ],
      "fov": 50,
      "aspect": 1
    },
    {
      "camera_to_world": [
        -0.9819717269831636,
        -0.12073522367304469,
        0.14544598024807334,
        0.10912840840289703,
        0.18874869846782685,
        -0.668076369841756,
        0.7197554396361049,
        0.5196697755999596,
        0.010269188497852839,
        0.7342322315341934,
        0.678820722977661,
        0.4891267746634743,
        0,
        0,
        0,
        1
      ],
      "fov": 50,
      "aspect": 1
    },
    {
      "camera_to_world": [
        -0.971836798284816,
        -0.15505027286541972,
        0.17746168708731744,
        0.13068366994997915,
        0.23551111575001138,
        -0.6653378993017264,
        0.7084207747595709,
        0.5133198769560684,
        0.008231151663212574,
        0.7302635775096036,
        0.6831159165948135,
        0.4945201027291374,
        0,
        0,
        0,
        1
      ],
      "fov": 50,
      "aspect": 1
    },
    {
      "camera_to_world": [
        -0.9597472885450026,
        -0.18987877031156708,
        0.2069569875976239,
        0.1509496692672253,
        0.28082035618308676,
        -0.661869911062779,
        0.6950310413089139,
        0.5048234493685523,
        0.005006963522955461,
        0.7251718923225832,
        0.6885496764225248,
        0.49998915181206055,
        0,
        0,
        0,
        1
      ],
      "fov": 50,
      "aspect": 1
    },
    {
      "camera_to_world": [
        -0.9458247238695748,
        -0.22545228838280323,
        0.23363830460778465,
        0.16982106233119454,
        0.32467731929868576,
        -0.6578316868568584,
        0.6795896630320972,
        0.4939488824684007,
        0.0004796353426310407,
        0.718629763807496,
        0.6953927181959275,
        0.5054342106252444,
        0,
        0,
        0,
        1
      ],
      "fov": 50,
      "aspect": 1
    },
    {
      "camera_to_world": [
        -0.9295386490410593,
        -0.26312275380814576,
        0.25831050378825166,
        0.1875425608127919,
        0.36868639448576607,
        -0.6531550090702839,
        0.6614067407030894,
        0.4802047060967076,
        -0.0053143635563019645,
        0.7100386965192923,
        0.7041426041542835,
        0.5112324427112884,
        0,
        0,
        0,
        1
      ],
      "fov": 50,
      "aspect": 1
    },
    {
      "camera_to_world": [
        -0.9098370077788107,
        -0.30411438858825307,
        0.2823314681888891,
        0.2045310031820996,
        0.4147977750650515,
        -0.647158749376414,
        0.6396314242645047,
        0.46337187772823785,
        -0.011807839649305072,
        0.6990708059697162,
        0.7149549518421896,
        0.5179389213896785,
        0,
        0,
        0,
        1
      ],
      "fov": 50,
      "aspect": 1
    },
    {
      "camera_to_world": [
        -0.8864114777387131,
        -0.3477060787215834,
        0.3055735180821976,
        0.2207315706308058,
        0.46253500491752875,
        -0.6391629866107678,
        0.6144363642988142,
        0.443839211881246,
        -0.01833197640771009,
        0.6859818943433298,
        0.7273876403088823,
        0.5254297552444889,
        0,
        0,
        0,
        1
      ],
      "fov": 50,
      "aspect": 1
    },
    {
      "camera_to_world": [
        -0.8590708287886103,
        -0.3930728779555373,
        0.3278582372614748,
        0.23608600865525212,
        0.5112813974525756,
        -0.6286083769000773,
        0.5860399654545685,
        0.421998981014624,
        -0.02426198143993477,
        0.6710776565396896,
        0.7409899696688254,
        0.5335762441820113,
        0,
        0,
        0,
        1
      ],
      "fov": 50,
      "aspect": 1
    },
    {
      "camera_to_world": [
        -0.8277725191934284,
        -0.4393258735974765,
        0.3489776973618504,
        0.25053606275178036,
        0.5603112014981488,
        -0.6150885427167386,
        0.5547228516063673,
        0.3982434575872641,
        -0.029051918075506993,
        0.6547204452332407,
        0.7553126006162755,
        0.5422496881085379,
        0,
        0,
        0,
        1
      ],
      "fov": 50,
      "aspect": 1
    },
    {
      "camera_to_world": [
        -0.7926483244553664,
        -0.48555425524906637,
        0.36870814874047053,
        0.26402347841673224,
        0.6088243902814282,
        -0.5983759575592538,
        0.5208445787502193,
        0.3729649140580583,
        -0.0322722099730976,
        0.6373250964967336,
        0.7699189735542836,
        0.5513213869303608,
        0,
        0,
        0,
        1
      ],
      "fov": 50,
      "aspect": 1
    },
    {
      "camera_to_world": [
        -0.7540123551080186,
        -0.5308775692015536,
        0.3868260266102957,
        0.27649000114644967,
        0.6559980565489404,
        -0.5784333075923799,
        0.48485199646052046,
        0.3465556228858986,
        -0.0336439912684701,
        0.6193415174089243,
        0.7844005141922958,
        0.5606626405537718,
        0,
        0,
        0,
        1
      ],
      "fov": 50,
      "aspect": 1
    },
    {
      "camera_to_world": [
        -0.7123475140145741,
        -0.5745009771715275,
        0.4031248522557449,
        0.2878773764372741,
        0.7010476290610207,
        -0.555404846109224,
        0.4472780776053202,
        0.3194078565296774,
        -0.03306419612175307,
        0.6012271485448317,
        0.7983938093368919,
        0.5701447488850631,
        0,
        0,
        0,
        1
      ],
      "fov": 50,
      "aspect": 1
    },
    {
      "camera_to_world": [
        -0.6682703666062473,
        -0.61576456284252,
        0.4174310964258796,
        0.29812734978554783,
        0.7432882028553369,
        -0.5295861689435364,
        0.4087311306467757,
        0.29191388744828595,
        -0.030616410828759266,
        0.5834145119990315,
        0.8115972785667142,
        0.5796390118305265,
        0,
        0,
        0,
        1
      ],
      "fov": 50,
      "aspect": 1
    },
    {
      "camera_to_world": [
        -0.6224789515776631,
        -0.6541783046661216,
        0.42961692302204824,
        0.30718166668761243,
        0.7821855567535912,
        -0.5013757687965898,
        0.3698757808639315,
        0.2644659881006166,
        -0.026565196194419827,
        0.5662800404109151,
        0.8237846843583367,
        0.5890167292964544,
        0,
        0,
        0,
        1
      ],
      "fov": 50,
      "aspect": 1
    },
    {
      "camera_to_world": [
        -0.5756917284942885,
        -0.6894373034932334,
        0.43960805076253734,
        0.3149820726398096,
        0.8173884317914737,
        -0.47121600246727535,
        0.3314085553998811,
        0.2374564309455619,
        -0.021335072456728,
        0.5501196993116496,
        0.8348132312754312,
        0.5981492011891383,
        0,
        0,
        0,
        1
      ],
      "fov": 50,
      "aspect": 1
    },
    {
      "camera_to_world": [
        -0.5285873640284656,
        -0.721416264160467,
        0.4473857087505074,
        0.32147031313848146,
        0.8487377770085438,
        -0.4395331991124643,
        0.29403189071350483,
        0.21127748844201263,
        -0.015478516338267606,
        0.535134693962855,
        0.8446249314632192,
        0.6069077274148709,
        0,
        0,
        0,
        1
      ],
      "fov": 50,
      "aspect": 1
    },
    {
      "camera_to_world": [
        -0.4817539902486204,
        -0.7501465464616551,
