{
    "keyframes": [
      {
        "matrix": "[0.8528310452272919,0.5221869476504797,2.7755575615628914e-17,0,-0.20133252027140164,0.32881446859953245,0.9226842696831743,0,0.4818136824309688,-0.7868937901286821,0.3855564011648974,0,1.4063482641913332,-2.2968353872120786,1.125386420722491,1]",
        "fov": 50,
        "aspect": 1,
        "properties": "[[\"FOV\",50],[\"NAME\",\"Camera 0\"],[\"TIME\",0]]"
      },
      {
        "matrix": "[0.9669948270988604,-0.2547960053926375,-4.163336342344337e-17,0,0.10762447388598678,0.4084534581168626,0.9064120173371164,0,-0.23095016125737933,-0.8764957319852342,0.4223946671382809,0,-0.6741119446012384,-2.558371204879914,1.232912282474889,1]",
        "fov": 50,
        "aspect": 1,
        "properties": "[[\"FOV\",50],[\"NAME\",\"Camera 1\"],[\"TIME\",0.16666666666666669]]"
      },
      {
        "matrix": "[0.34236938363265024,-0.9395654342040256,-5.551115123125783e-17,0,0.3868997153628199,0.1409828546839158,0.9112806620011986,0,-0.8562078108748881,-0.31199459856570394,0.4117858121191855,0,-2.499153536976357,-0.9106695764971638,1.2019464851445063,1]",
        "fov": 50,
        "aspect": 1,
        "properties": "[[\"FOV\",50],[\"NAME\",\"Camera 2\"],[\"TIME\",0.33333333333333337]]"
      },
      {
        "matrix": "[-0.34732991242786926,-0.9377429988716783,-1.1102230246251565e-16,0,0.3689273735381459,-0.13664672783207088,0.9193586160073953,0,-0.8621221056132907,0.3193207475876557,0.3934205576389809,0,-2.5164165546999335,0.932053603842016,1.1483408182623311,1]",
        "fov": 50,
        "aspect": 1,
        "properties": "[[\"FOV\",50],[\"NAME\",\"Camera 3\"],[\"TIME\",0.5000000000000001]]"
      },
      {
        "matrix": "[-0.8640816490495791,-0.5033516700834118,0,0,0.3211508275826444,-0.551305485179503,0.7700158491576491,0,-0.38758876366419914,0.6653565647344534,0.6380247581763772,0,-1.1313186089880427,1.942084843173105,1.8623070367060361,1]",
        "fov": 50,
        "aspect": 1,
        "properties": "[[\"FOV\",50],[\"NAME\",\"Camera 4\"],[\"TIME\",0.6666666666666667]]"
      },
      {
        "matrix": "[-0.9591059947393257,0.28304715305950207,-2.7755575615628914e-17,0,-0.131780510214002,-0.4465385924919947,0.8850068827658946,0,0.250498678604951,0.8488154066463329,0.4655779391863344,0,0.7311713940144644,2.477576119742006,1.3589583494534487,1]",
        "fov": 50,
        "aspect": 1,
        "properties": "[[\"FOV\",50],[\"NAME\",\"Camera 5\"],[\"TIME\",0.8333333333333334]]"
      },
      {
        "matrix": "[-0.18808952033908732,0.9821518886295606,1.6653345369377348e-16,0,-0.27718614640551503,-0.053083244990549394,0.9593487422945497,0,0.9422261790989852,0.18044344477608815,0.2822232992824407,0,2.750229393166592,0.526689744602496,0.8237712242990871,1]",
        "fov": 50,
        "aspect": 1,
        "properties": "[[\"FOV\",50],[\"NAME\",\"Camera 6\"],[\"TIME\",1]]"
      }
    ],
    "camera_type": "perspective",
    "render_height": 1080,
    "render_width": 1920,
    "camera_path": [
      {
        "camera_to_world": [
          0.8528310452272921,
          -0.20133252027140164,
          0.4818136824309687,
          1.4063482641913332,
          0.5221869476504797,
          0.3288144685995325,
          -0.7868937901286821,
          -2.2968353872120786,
          8.326672684688677e-17,
          0.9226842696831743,
          0.38555640116489737,
          1.125386420722491,
          0,
          0,
          0,
          1
        ],
        "fov": 50,
        "aspect": 1
      },
      {
        "camera_to_world": [
          0.868521334079614,
          -0.19285524912392368,
          0.4565934133711492,
          1.319449942840543,
          0.4956503353682613,
          0.3401638270946043,
          -0.7991366064607993,
          -2.3093209819463274,
          -0.0011988735954743812,
          0.920377870019538,
          0.39102830981963516,
          1.1299818743139864,
          0,
          0,
          0,
          1
        ],
        "fov": 50,
        "aspect": 1
      },
      {
        "camera_to_world": [
          0.8840350104657918,
          -0.18320261427337764,
          0.4300219789663635,
          1.2321636157790494,
          0.4674147514430024,
          0.35112458967254845,
          -0.8113168139886915,
          -2.324706893981434,
          -0.002355929588065714,
          0.9182310845591564,
          0.3960380347202673,
          1.1347877102000956,
          0,
          0,
          0,
          1
        ],
        "fov": 50,
        "aspect": 1
      },
      {
        "camera_to_world": [
          0.8991480255392053,
          -0.17245728440938857,
          0.4022329091746326,
          1.1445447123940957,
          0.4376310543832523,
          0.36154626127246053,
          -0.8232638466490003,
          -2.3425787922744195,
          -0.003447957127319684,
          0.9162656743619969,
          0.4005562701763676,
          1.139773873767302,
          0,
          0,
          0,
          1
        ],
        "fov": 50,
        "aspect": 1
      },
      {
        "camera_to_world": [
          0.9136506051429131,
          -0.16072735332743462,
          0.37337553430071857,
          1.0566486620729247,
          0.4064759974073529,
          0.37129259670166703,
          -0.8348167889820084,
          -2.362522345782303,
          -0.004453678669000455,
          0.9144990571492632,
          0.4045635169159746,
          1.1449103104020897,
          0,
          0,
          0,
          1
        ],
        "fov": 50,
        "aspect": 1
      },
      {
        "camera_to_world": [
          0.9273539523455636,
          -0.1481422103133218,
          0.343611019311875,
          0.9685308942027806,
          0.37414700048752103,
          0.3802475639073907,
          -0.845828476801701,
          -2.3841232234621064,
          -0.005354352925721589,
          0.9129434131784832,
          0.40805104489361177,
          1.1501669654909419,
          0,
          0,
          0,
          1
        ],
        "fov": 50,
        "aspect": 1
      },
      {
        "camera_to_world": [
          0.9400956803467653,
          -0.13484691789230108,
          0.3131076820014159,
          0.8802468381709063,
          0.3408555155066132,
          0.3883200833260341,
          -0.8561688095430614,
          -2.406967094270848,
          -0.006134276002408873,
          0.9116050798567376,
          0.4110213486393589,
          1.1555137844203434,
          0,
          0,
          0,
          1
        ],
        "fov": 50,
        "aspect": 1
      },
      {
        "camera_to_world": [
          0.9517435678125714,
          -0.12099557570742459,
          0.2820359051373184,
          0.7918519233645452,
          0.30681948632032496,
          0.3954471381858073,
          -0.8657270723009574,
          -2.4306396271655495,
          -0.006781146033638871,
          0.910484284081765,
          0.41348807056381515,
          1.1609207125767769,
          0,
          0,
          0,
          1
        ],
        "fov": 50,
        "aspect": 1
      },
      {
        "camera_to_world": [
          0.9621974094640008,
          -0.1067442557814241,
          0.2505629842543308,
          0.7034015791709408,
          0.27225549671077376,
          0.40159504009387326,
          -0.8744131565128525,
          -2.4547264911032305,
          -0.00728627007020817,
          0.9095752237334032,
          0.41547541761070983,
          1.1663576953467265,
          0,
          0,
          0,
          1
        ],
        "fov": 50,
        "aspect": 1
      },
      {
        "camera_to_world": [
          0.9713889387490123,
          -0.09224411249859527,
          0.21884824282002863,
          0.6149512349773365,
          0.23737120643710038,
          0.4067588476637406,
          -0.8821576674279159,
          -2.478813355040912,
          -0.007644607946990276,
          0.908866471796937,
          0.4170171416293632,
          1.1717946781166766,
          0,
          0,
          0,
          1
        ],
        "fov": 50,
        "aspect": 1
      },
      {
        "camera_to_world": [
          0.9792799908453256,
          -0.07763520224000402,
          0.18703869894525235,
          0.5265563201709753,
          0.20235860196377384,
          0.41096013433925727,
          -0.8889109990292203,
          -2.502485887935613,
          -0.007854663662183264,
          0.9083416446233287,
          0.41815518758200365,
          1.17720160627311,
          0,
          0,
          0,
          1
        ],
        "fov": 50,
        "aspect": 1
      },
      {
        "camera_to_world": [
          0.9858592227560647,
          -0.06304141253232744,
          0.1552654926657457,
          0.43827226413910103,
          0.16738845317628123,
          0.4142434522972467,
          -0.8946415304311055,
          -2.525329758744355,
          -0.007918247916031245,
          0.9079802544850785,
          0.4189381324433867,
          1.1825484252025114,
          0,
          0,
          0,
          1
        ],
        "fov": 50,
        "aspect": 1
      },
      {
        "camera_to_world": [
          0.9911377946538917,
          -0.048566729739782134,
          0.12364119366539121,
          0.35015449626895667,
          0.13260619950607744,
          0.4166719233070383,
          -0.8993331441574741,
          -2.5469306364241575,
          -0.007840144206211984,
          0.9077586579537519,
          0.4194195406139648,
          1.1878050802913638,
          0,
          0,
          0,
          1
        ],
        "fov": 50,
        "aspect": 1
      },
      {
        "camera_to_world": [
          0.9951444391096816,
          -0.034292900798266024,
          0.09225802005201272,
          0.2622584459477861,
          0.09812931915830342,
          0.4183224016725558,
          -0.9029822838685333,
          -2.5668741899320424,
          -0.007627714638417471,
          0.907651015100928,
          0.41965635078674746,
          1.1929415169261515,
          0,
          0,
          0,
          1
        ],
        "fov": 50,
        "aspect": 1
      },
      {
        "camera_to_world": [
          0.9979203111361159,
          -0.02027839554283861,
          0.061186920957066175,
          0.17463954256283215,
          0.06404608896765111,
          0.41928060956473506,
          -0.9055947597744656,
          -2.5847460882250273,
          -0.007290480776039448,
          0.9076301874206434,
          0.4197073882752385,
          1.197927680493358,
          0,
          0,
          0,
          1
        ],
        "fov": 50,
        "aspect": 1
      },
      {
        "camera_to_world": [
          0.9995139386495867,
          -0.006558468611340224,
          0.030477416797761548,
          0.08735321550133844,
          0.030415535588162197,
          0.419636560159464,
          -0.9071824803050474,
          -2.600132000260134,
          -0.006839710525720498,
          0.9076685209188466,
          0.4196320703818021,
          1.2027335163794668,
          0,
          0,
          0,
          1
        ],
        "fov": 50,
        "aspect": 1
      },
      {
        "camera_to_world": [
          0.9999764989805155,
          0.006853940879838291,
          0.00015805406306049666,
          0.0004548941505485571,
          -0.002731683413644533,
          0.41948048019480194,
          -0.9077602462331483,
          -2.612617594994383,
          -0.006288035655018805,
          0.9077384811882517,
          0.41948934477248306,
          1.2073289699709626,
          0,
          0,
          0,
          1
        ],
        "fov": 50,
        "aspect": 1
      },
      {
        "camera_to_world": [
          0.9993575493551807,
          0.019966751608723292,
          -0.029762684304398844,
          -0.08599999210229459,
          -0.03539175071882172,
          0.418899339242072,
          -0.907342695768039,
          -2.6217885413847934,
          -0.00564911744120676,
          0.9078131263716949,
          0.41933687538706216,
          1.2116839866543283,
          0,
          0,
          0,
          1
        ],
        "fov": 50,
        "aspect": 1
      },
      {
        "camera_to_world": [
          0.997701250038979,
          0.03280698866590434,
          -0.05929516983139648,
          -0.17195601386994716,
          -0.06758578279333627,
          0.41797400095098486,
          -0.9059414420884156,
          -2.6272305083883873,
          -0.004937371251070765,
          0.9078664197026461,
          0.41923046924266827,
          1.2157685118160477,
          0,
          0,
          0,
          1
        ],
        "fov": 50,
        "aspect": 1
      },
      {
        "camera_to_world": [
          0.9950430448014829,
          0.04541896600339735,
          -0.08846726241597373,
          -0.2573577417651667,
          -0.09935778182038188,
          0.41677693831003665,
          -0.90356240231909,
          -2.6285291649621834,
          -0.004167755262478682,
          0.9078733949291024,
          0.41922372141373143,
          1.2195524908426052,
          0,
          0,
          0,
          1
        ],
        "fov": 50,
        "aspect": 1
      },
      {
        "camera_to_world": [
          0.9914067063892853,
          0.05786258252029098,
          -0.11732290513975634,
          -0.3421497464007083,
          -0.13077263594206215,
          0.4153704016576372,
          -0.9002032809957636,
          -2.625270180063202,
          -0.0033556244001126056,
          0.9078101954543446,
          0.41936784427758605,
          1.223005869120484,
          0,
          0,
          0,
          1
        ],
        "fov": 50,
        "aspect": 1
      },
      {
        "camera_to_world": [
          0.9868016130503662,
          0.07021186141651625,
          -0.14592076958960765,
          -0.42627659838933,
          -0.16191430747297728,
          0.41380489202597265,
          -0.8958511418594719,
          -2.617039222648465,
          -0.002516647917690656,
          0.9076540121939644,
          0.41971163985700627,
          1.2260985920361678,
          0,
          0,
          0,
          1
        ],
        "fov": 50,
        "aspect": 1
      },
      {
        "camera_to_world": [
          0.9812200919842654,
          0.08255381483136164,
          -0.17433301105407178,
          -0.5096828683437873,
          -0.19288429927008588,
          0.41211776843620274,
          -0.8904799784578272,
          -2.603421961674991,
          -0.0016667877722744417,
          0.9073829470493445,
          0.42030156937914065,
          1.2288006049761409,
          0,
          0,
          0,
          1
        ],
        "fov": 50,
        "aspect": 1
      },
      {
        "camera_to_world": [
          0.9746346421246719,
          0.09498767257473043,
          -0.20264416209046993,
          -0.5923131268768373,
          -0.22380044266279037,
          0.4103318001754175,
          -0.8840481749479154,
          -2.584004066099801,
          -0.00082233475661897,
          0.9069758297902084,
          0.42118187038607313,
          1.2310818533268868,
          0,
          0,
          0,
          1
        ],
        "fov": 50,
        "aspect": 1
      },
      {
        "camera_to_world": [
          0.9669948270988604,
          0.10762447388598675,
          -0.23095016125737935,
          -0.6741119446012384,
          -0.25479600539263747,
          0.4084534581168626,
          -0.8764957319852342,
          -2.558371204879914,
          -1.3877787807814454e-17,
          0.9064120173371164,
          0.4223946671382809,
          1.232912282474889,
          0,
          0,
          0,
          1
        ],
        "fov": 50,
        "aspect": 1
      },
      {
        "camera_to_world": [
          0.9580733767879875,
          0.12078310465549251,
          -0.2598207965499363,
          -0.7565462353173099,
          -0.2865219116301384,
          0.4063213273582721,
          -0.8676451884783453,
          -2.52640939313074,
          0.0007738513256391744,
          0.9057121068880509,
          0.4238926522016318,
          1.2342906898146562,
          0,
          0,
          0,
          1
        ],
        "fov": 50,
        "aspect": 1
      },
      {
        "camera_to_world": [
          0.9475963410690051,
          0.1346814194391687,
          -0.2896930956210113,
          -0.8408952766358774,
          -0.3194667220599464,
          0.40367945815395145,
          -0.8573120252048289,
          -2.4885288724347197,
          0.001479151414375976,
          0.9049330418999976,
          0.42555140910201494,
          1.2352526701146274,
          0,
          0,
          0,
          1
        ],
        "fov": 50,
        "aspect": 1
      },
      {
        "camera_to_world": [
          0.9354280669954328,
          0.14927135801390817,
          -0.3204565386349165,
          -0.926822184885448,
          -0.35351080042081534,
          0.4003805984354142,
          -0.8454143897417018,
          -2.4451016514494275,
          0.0021084266699460397,
          0.9041091958791169,
          0.4272962865083128,
          1.2358233648221837,
          0,
          0,
          0,
          1
        ],
        "fov": 50,
        "aspect": 1
      },
      {
        "camera_to_world": [
          0.9214427241719312,
          0.16448110906937602,
          -0.3519790772615872,
          -1.013990076394531,
          -0.3885051591857248,
          0.3962825959809463,
          -0.8318797060925797,
          -2.3964997388324347,
          0.0026546857977857996,
          0.9032751900068495,
          0.42905347424465046,
          1.2360279153847058,
          0,
          0,
          0,
          1
        ],
        "fov": 50,
        "aspect": 1
      },
      {
        "camera_to_world": [
          0.9055303962080661,
          0.18021339340112014,
          -0.38410654040528397,
          -1.1020620674916342,
          -0.4242699832238258,
          0.39125307832752576,
          -0.81664925765869,
          -2.3430951432413134,
          0.0031117323981252887,
          0.9024656013046084,
          0.4307506884305517,
          1.235891463249575,
          0,
          0,
          0,
          1
        ],
        "fov": 50,
        "aspect": 1
      },
      {
        "camera_to_world": [
          0.8876038009910133,
          0.19634497702306447,
          -0.41666310427504616,
          -1.1907012745052656,
          -0.4605946377396666,
          0.38517503293727723,
          -0.7996829207174758,
          -2.2852598733336373,
          0.003474500218879212,
          0.9017143915894764,
          0.43231826684590763,
          1.2354391498641715,
          0,
          0,
          0,
          1
        ],
        "fov": 50,
        "aspect": 1
      },
      {
        "camera_to_world": [
          0.8676052677586341,
          0.21272777327858183,
          -0.44945299401984756,
          -1.2795708137639334,
          -0.4972394958754668,
          0.37795295481484176,
          -0.7809637940956301,
          -2.223365937766978,
          0.0037393982110225108,
          0.9010540818522862,
          0.4336906253060503,
          1.2346961166758765,
          0,
          0,
          0,
          1
        ],
        "fov": 50,
        "aspect": 1
      },
      {
        "camera_to_world": [
          0.8455134617475965,
          0.22919181196375407,
          -0.48226351648488514,
          -1.3683338015961455,
          -0.5339398278257409,
          0.3695190802267411,
          -0.7605024060512902,
          -2.1577853451989086,
          0.003904646592718719,
          0.9005147209663784,
          0.4348079933232962,
          1.2336875051320708,
          0,
          0,
          0,
          1
        ],
        "fov": 50,
        "aspect": 1
      },
      {
        "camera_to_world": [
          0.821349241311978,
          0.24555020121794155,
          -0.5148694227452887,
          -1.4566533543304119,
          -0.570411832177856,
          0.3598391012149159,
          -0.7383401404152039,
          -2.0888901042870014,
          0.003970580277470742,
          0.9001227249207021,
          0.4356183129456224,
          1.2324384566801354,
          0,
          0,
          0,
          1
        ],
        "fov": 50,
        "aspect": 1
      },
      {
        "camera_to_world": [
          0.7951799888978653,
          0.26160599160371245,
          -0.5470384725167226,
          -1.5441925882952388,
          -0.6063606703078456,
          0.34891669055021485,
          -0.7145515240759799,
          -2.0170522236888284,
          0.00393989342633877,
          0.8998996878611105,
          0.4360791545433753,
          1.230974112767451,
          0,
          0,
          0,
          1
        ],
        "fov": 50,
        "aspect": 1
      },
      {
        "camera_to_world": [
          0.7671218033056402,
          0.27716059672414634,
          -0.5785379352441964,
          -1.6306146198191351,
          -0.6414901116144068,
          0.33679619206701944,
          -0.6892450665112456,
          -1.9426437120619635,
          0.0038177996331304753,
          0.8998612829945906,
          0.4361594843326128,
          1.2293196148413983,
          0,
          0,
          0,
          1
        ],
        "fov": 50,
        "aspect": 1
      },
      {
        "camera_to_world": [
          0.737339090323774,
          0.2920231734211386,
          -0.6091416354720445,
          -1.7155825652306096,
          -0.6755131521354597,
          0.3235629651346324,
          -0.662562441499139,
          -1.8660365780639778,
          0.0036120870040580177,
          0.9000163741723438,
          0.4358411167491461,
          1.2275001043493585,
          0,
          0,
          0,
          1
        ],
        "fov": 50,
        "aspect": 1
      },
      {
        "camera_to_world": [
          0.7060413348709864,
          0.30602016923489456,
          -0.6386370561399034,
          -1.7987595408581691,
          -0.7081627808568551,
          0.30934110989213387,
          -0.6346759437222972,
          -1.7876028303524452,
          0.003333056057348932,
          0.9003664441504632,
          0.4351197042023831,
          1.2255407227387123,
          0,
          0,
          0,
          1
        ],
        "fov": 50,
        "aspect": 1
      },
      {
        "camera_to_world": [
          0.6734771485242546,
          0.3190041540497045,
          -0.6668319729247176,
          -1.8798086630303237,
          -0.7392019820939817,
          0.29428861049799643,
          -0.6057843208597322,
          -1.7077144775849358,
          0.0029933399352190812,
          0.9009054131429065,
          0.43400515721111105,
          1.2234666114568404,
          0,
          0,
          0,
          1
        ],
        "fov": 50,
        "aspect": 1
      },
      {
        "camera_to_world": [
          0.6399260098520291,
          0.3308610968291283,
          -0.6935601174518954,
          -1.9583930480755802,
          -0.768432106459407,
          0.278590263071816,
          -0.5761072496366759,
          -1.6267435284190248,
          0.002607619071040124,
          0.9016198755166184,
          0.4325214450130511,
          1.221302911951124,
          0,
          0,
          0,
          1
        ],
        "fov": 50,
        "aspect": 1
      },
      {
        "camera_to_world": [
          0.6056883911679984,
          0.3415154273817172,
          -0.7186854566947942,
          -2.0341758123224487,
          -0.7956989171960316,
          0.2624490393730499,
          -0.5458788646808249,
          -1.5450619915122825,
          0.0021922539508119343,
          0.9024897310177256,
          0.4307057921948214,
          1.2190747656689436,
          0,
          0,
          0,
          1
        ],
        "fov": 50,
        "aspect": 1
      },
      {
        "camera_to_world": [
          0.5710751418231722,
          0.3509325052959103,
          -0.7421048168004164,
          -2.1068200720994343,
          -0.8208958932977124,
          0.24607672036488423,
          -0.5153408387285191,
          -1.4630418755222838,
          0.0017648678689348167,
          0.9034891390720745,
          0.42860735040384773,
          1.2168073140576803,
          0,
          0,
          0,
          1
        ],
        "fov": 50,
        "aspect": 1
      },
      {
        "camera_to_world": [
          0.5363970449046386,
          0.3591184475473401,
          -0.7637487485088008,
          -2.1759889437350486,
          -0.8439646936391405,
          0.22968468310835174,
          -0.48473553844958384,
          -1.3810551891065985,
          0.0013439152366056253,
          0.9045876889371226,
          0.42628547584363274,
          1.214525698564715,
          0,
          0,
          0,
          1
        ],
        "fov": 50,
        "aspect": 1
      },
      {
        "camera_to_world": [
          0.5019553809393528,
          0.36611757866074035,
          -0.7835807004652591,
          -2.241345543557797,
          -0.86489299704098,
          0.21347563940141448,
          -0.4542997414170834,
          -1.2994739409228018,
          0.0009482697406063834,
          0.9057516602125298,
          0.42380777577428325,
          1.2122550606374285,
          0,
          0,
          0,
          1
        ],
        "fov": 50,
        "aspect": 1
      },
      {
        "camera_to_world": [
          0.4680341464263217,
          0.37200800804141293,
          -0.8015947103942519,
          -2.302552987896189,
          -0.8837101796039712,
          0.19763693456879258,
          -0.4242593081578387,
          -1.2186701396284647,
          0.0005968612080534675,
          0.9069452486491734,
          0.42124809757361215,
          1.2100205417232013,
          0,
          0,
          0,
          1
        ],
        "fov": 50,
        "aspect": 1
      },
      {
        "camera_to_world": [
          0.4348943320038561,
          0.3768959759583342,
          -0.817811924159421,
          -2.3592743930787323,
          -0.9004814406147006,
          0.18233576801588658,
          -0.394825078750743,
          -1.1390157938811603,
          0.00030838189557058643,
          0.9081316485006298,
          0.4186846234245234,
          1.2078472832694147,
          0,
          0,
          0,
          1
        ],
        "fov": 50,
        "aspect": 1
      },
      {
        "camera_to_world": [
          0.4027704141831612,
          0.38090963730735766,
          -0.8322763012756653,
          -2.411172875433936,
          -0.9153010342192346,
          0.16771644570092104,
          -0.3661901290295107,
          -1.0608829123384607,
          0.00010107385689811513,
          0.9092739092527768,
          0.41619820727178564,
          1.2057604267234494,
          0,
          0,
          0,
          1
        ],
        "fov": 50,
        "aspect": 1
      },
      {
        "camera_to_world": [
          0.37186899718995337,
          0.384192888179736,
          -0.8450498645648381,
          -2.4579115512903087,
          -0.9282852195711124,
          0.15389956141496214,
          -0.33852839780747235,
          -0.9846435036579375,
          -0.0000073993542096806325,
          0.9103355148890958,
          0.41387105513294165,
          1.2037851135326862,
          0,
          0,
          0,
          1
        ],
        "fov": 50,
        "aspect": 1
      },
      {
        "camera_to_world": [
          0.3423693836326507,
          0.38689971536282,
          -0.856207810874888,
          -2.499153536976357,
          -0.9395654342040256,
          0.14098285468391603,
          -0.3119945985657043,
          -0.9106695764971651,
          -6.938893903907228e-17,
          0.9112806620011986,
          0.4117858121191857,
          1.2019464851445063,
          0,
          0,
          0,
          1
        ],
        "fov": 50,
        "aspect": 1
      },
      {
        "camera_to_world": [
          0.313576213029261,
          0.38901314920459723,
          -0.8662209466228287,
          -2.5356283693174753,
          -0.9495629780184056,
          0.12878238031743303,
          -0.28591126122731336,
          -0.8369281623837032,
          0.0003307552638125572,
          0.912186312255176,
          0.4097755755718704,
          1.1995075604259784,
          0,
          0,
          0,
          1
        ],
        "fov": 50,
        "aspect": 1
      },
      {
        "camera_to_world": [
          0.28467133472319434,
          0.3904742777222648,
          -0.8754953281566903,
          -2.568348828421674,
          -0.9586245159084074,
          0.1170274305673309,
          -0.2595064893103452,
          -0.7612869724745819,
          0.0011263597501819794,
          0.9131453438155857,
          0.40763257031501915,
          1.1958289218965654,
          0,
          0,
          0,
          1
        ],
        "fov": 50,
        "aspect": 1
      },
      {
        "camera_to_world": [
          0.25563454019765064,
          0.39137193470183257,
          -0.8840130036292907,
          -2.5974028955413875,
          -0.9667707442496488,
          0.10566587359971025,
          -0.23278541882899417,
          -0.6839690348715713,
          0.0023043265645129735,
          0.9141459029521243,
          0.4053787836023606,
          1.1910820564822389,
          0,
          0,
          0,
          1
        ],
        "fov": 50,
        "aspect": 1
      },
      {
        "camera_to_world": [
          0.22645173155154247,
          0.3917861797885968,
          -0.8917528820272831,
          -2.62287855192905,
          -0.9740150436283694,
          0.09464166185468317,
          -0.20576114945977947,
          -0.6051973776764449,
          0.003782600023007802,
          0.9151756908747308,
          0.40303740120369086,
          1.185438451108971,
          0,
          0,
          0,
          1
        ],
        "fov": 50,
        "aspect": 1
      },
      {
        "camera_to_world": [
          0.19711575593740593,
          0.39178873839257766,
          -0.8986918065888758,
          -2.644863778837095,
          -0.9803649045445031,
          0.0838961314112669,
          -0.17845473675885126,
          -0.5251950289909736,
          0.005480209728879277,
          0.9162221475182619,
          0.40063317847920643,
          1.1790695927027337,
          0,
          0,
          0,
          1
        ],
        "fov": 50,
        "aspect": 1
      },
      {
        "camera_to_world": [
          0.16762702589221518,
          0.39144347704898264,
          -0.9048056058990424,
          -2.663446557517956,
          -0.9858233250816257,
          0.07336916155562902,
          -0.1508951220471741,
          -0.4441850169169291,
          0.0073179174317692195,
          0.9172725714902995,
          0.3981927644697165,
          1.1721469681894976,
          0,
          0,
          0,
          1
        ],
        "fov": 50,
        "aspect": 1
      },
      {
        "camera_to_world": [
          0.13799392617268788,
          0.39080691991362415,
          -0.910070122401056,
          -2.6787148692240685,
          -0.9903901700140674,
          0.06300021739110805,
          -0.12311898207904437,
          -0.3623903695560833,
          0.00921886538320682,
          0.9183141749729768,
          0.39574497920346013,
          1.1648420644952355,
          0,
          0,
          0,
          1
        ],
        "fov": 50,
        "aspect": 1
      },
      {
        "camera_to_world": [
          0.10823300742177114,
          0.38992881409504254,
          -0.9144622113804772,
          -2.690756695207866,
          -0.9940634794393597,
          0.05272928869478437,
          -0.09517048365252706,
          -0.28003411501020703,
          0.011109228116870602,
          0.9193340753241859,
          0.3933210431676285,
          1.1573263685459185,
          0,
          0,
          0,
          1
        ],
        "fov": 50,
        "aspect": 1
      },
      {
        "camera_to_world": [
          0.07836896802851669,
          0.38885275133579134,
          -0.9179606977582049,
          -2.699660016721782,
          -0.9968407133601447,
          0.042497729955836665,
          -0.06710093245431846,
          -0.19733928138107393,
          0.012918863641340771,
          0.9203192276200612,
          0.39095475727381857,
          1.1497713672675187,
          0,
          0,
          0,
          1
        ],
        "fov": 50,
        "aspect": 1
      },
      {
        "camera_to_world": [
          0.048434427925731674,
          0.38761685146480546,
          -0.9205472734477127,
          -2.7055128150182504,
          -0.9987199170832991,
          0.0322489998556823,
          -0.03896831057970946,
          -0.11452889677045425,
          0.014581955034754379,
          0.9212563044391171,
          0.38868263161420685,
          1.1423485475860073,
          0,
          0,
          0,
          1
        ],
        "fov": 50,
        "aspect": 1
      },
      {
        "camera_to_world": [
          0.0184695016904827,
          0.3862545094205649,
          -0.9222073147940131,
          -2.7084030713497063,
          -0.9997007912109538,
          0.021929293578969385,
          -0.010836703157353998,
          -0.03182598928012125,
          0.0160376294850109,
          0.9221315307673879,
          0.3865439618013654,
          1.1352293964273568,
          0,
          0,
          0,
          1
        ],
        "fov": 50,
        "aspect": 1
      },
      {
        "camera_to_world": [
          -0.011478817060976898,
          0.38479520292982705,
          -0.9229305979113889,
          -2.7084187669685833,
          -0.9997856496687532,
          0.011488058438021817,
          0.017224378936662087,
          0.05054641298815396,
          0.01723053903131758,
          0.9229304829268117,
          0.384580852629421,
          1.1285854007175384,
          0,
          0,
          0,
          1
        ],
        "fov": 50,
        "aspect": 1
      },
      {
        "camera_to_world": [
          -0.04135744270054747,
          0.3832653526209513,
          -0.9227118897107639,
          -2.705647883127315,
          -0.9989802498752128,
          0.0008783824288844264,
          0.045140766537203156,
          0.13236528193259967,
          0.018111385715305888,
          0.9236378608116096,
          0.38283819007881775,
          1.1225880473825238,
          0,
          0,
          0,
          1
        ],
        "fov": 50,
        "aspect": 1
      },
      {
        "camera_to_world": [
          -0.0711081332208801,
          0.381689220995708,
          -0.9215513940988485,
          -2.7001784010783356,
          -0.9972944809311848,
          -0.009942753519746234,
          0.07283446956383127,
          0.21340758945144483,
          0.018637373582150993,
          0.9242372423940376,
          0.3813635641718074,
          1.1174088233482848,
          0,
          0,
          0,
          1
        ],
        "fov": 50,
        "aspect": 1
      },
      {
        "camera_to_world": [
          -0.10066854635173914,
          0.38008983182071615,
          -0.9194550361610554,
          -2.69209830207408,
          -0.994742898619977,
          -0.021014365857857528,
          0.10022455823159443,
          0.2934503074429159,
          0.01877257096281425,
          0.9247108284075038,
          0.3802071467047329,
          1.1132192155407932,
          0,
          0,
          0,
          1
        ],
        "fov": 50,
        "aspect": 1
      },
      {
        "camera_to_world": [
          -0.12997338344056805,
          0.37848988762175556,
          -0.9164345718953874,
          -2.6814955673669814,
          -0.991345099961647,
          -0.032371503009666194,
          0.12722805734163983,
          0.372270407805242,
          0.018488168623297854,
          0.9250391833652053,
          0.37942152925208467,
          1.1101907108860205,
          0,
          0,
          0,
          1
        ],
        "fov": 50,
        "aspect": 1
      },
      {
        "camera_to_world": [
          -0.15895558492314127,
          0.376912660461605,
          -0.9125075169035578,
          -2.6684581782094736,
          -0.9871259348549088,
          -0.04404542032028247,
          0.15376081973517197,
          0.449644862436652,
          0.01776262251370646,
          0.9252009767248219,
          0.37906152786700875,
          1.1084947963099385,
          0,
          0,
          0,
          1
        ],
        "fov": 50,
        "aspect": 1
      },
      {
        "camera_to_world": [
          -0.1875475392518378,
          0.3753828302964483,
          -0.907696893923962,
          -2.653074115853991,
          -0.9821155576694672,
          -0.056063885132884794,
          0.1797383436203811,
          0.525350643235372,
          0.016581673744584906,
          0.9251727252261789,
          0.3791839614137095,
          1.1083029587385191,
          0,
          0,
          0,
          1
        ],
        "fov": 50,
        "aspect": 1
      },
      {
        "camera_to_world": [
          -0.21568226691790376,
          0.37392724599814664,
          -0.9020308057031066,
          -2.635431361552968,
          -0.9763493271572651,
          -0.06845159538587595,
          0.20507649901605998,
          0.5991647220996329,
          0.014938242758432203,
          0.924928534422725,
          0.3798474103030324,
          1.109786685097734,
          0,
          0,
          0,
          1
        ],
        "fov": 50,
        "aspect": 1
      },
      {
        "camera_to_world": [
          -0.2432945427849978,
          0.3725755864687033,
          -0.8955418459338126,
          -2.6156178965588386,
          -0.9698675683395865,
          -0.08123068912725553,
          0.22969213096440366,
          0.6708640709276608,
          0.012832199113810814,
          0.9244398344464678,
          0.38111196144242254,
          1.113117462313555,
          0,
          0,
          0,
          1
        ],
        "fov": 50,
        "aspect": 1
      },
      {
        "camera_to_world": [
          -0.2703219232754202,
          0.3713609028490922,
          -0.8882663663742902,
          -2.5937217021240357,
          -0.9627152147128532,
          -0.09442131716328538,
          0.2535035112686519,
          0.7402256616176852,
          0.01027001251523567,
          0.9236751023494447,
          0.3830389433761005,
          1.1184667773119532,
          0,
          0,
          0,
          1
        ],
        "fov": 50,
        "aspect": 1
      },
      {
        "camera_to_world": [
          -0.2967056498049857,
          0.37032002718386553,
          -0.8802436224366198,
          -2.569830759500995,
          -0.9549413528593709,
          -0.10804224697164365,
          0.2764306160113838,
          0.8070264660679332,
          0.0072642943852768305,
          0.9225995612051088,
          0.3856906528439918,
          1.1260061170189009,
          0,
          0,
          0,
          1
        ],
        "fov": 50,
        "aspect": 1
      },
      {
        "camera_to_world": [
          -0.32239140591836696,
          0.36949383750172443,
          -0.8715148222711006,
          -2.5440330499421493,
          -0.9465986940857415,
          -0.12211146313435524,
          0.29839521263980745,
          0.8710434561766343,
          0.003833242119623868,
